jwst/tweakreg/tests/data/ref.ecsv
# %ECSV 1.0
# ---
# datatype:
# - {name: RA, datatype: float64}
# - {name: DEC, datatype: float64}
# schema: astropy-2.0
RA DEC
[from data line 381]
 83.2125535525739934 -67.7558304251668204
 83.2431286497899094 -67.7429185965086162
 83.1792715476647402 -67.7176009930364131
 83.1853229676857069 -67.7395523292039030
 83.2132419749073193 -67.7186992884471550
 83.2142756214533676 -67.7153195785358548
 83.2220425664188070 -67.7356255885675154
 83.2344633534934104 -67.7495171227644590
 83.1845231822545941 -67.7359395645031270
 83.2024380155634731 -67.7175669507094682
 83.1844006796203956 -67.7264745431265140
 83.2082206544578611 -67.7337581660457460
 83.1935480408515247 -67.7190419967214297
 83.2248430669713599 -67.7283216695654176
 83.2077614103316279 -67.7335237296924930
 83.2171950293204645 -67.7440509355690637
 83.2442647815299779 -67.7475707088593708
 83.2527056204713318 -67.7488849147041208
 83.2040041158760886 -67.7505587002799814
 83.1994835068153549 -67.7345089201700290
 83.2273978957689025 -67.7307098118932061
 83.1690485077576795 -67.7178476354006733
 83.2115080948748869 -67.7335405468045053
 83.1956537646941285 -67.7491452998325059
 83.2187019753275052 -67.7209260174002026
 83.2025549278907022 -67.7469894107096167
 83.2120116899536129 -67.7181844404179429
 83.1731903668979129 -67.7305557597446182
 83.2404615846392772 -67.7439180802915217
 83.2019263497387129 -67.7371355637920942
 83.2181965934612435 -67.7511764034481700
 83.1709274092389137 -67.7148524417711002
 83.1916242139788125 -67.7251720096024172
 83.2140462820748610 -67.7518933589221461
 83.2188438218153692 -67.7539813183810509
 83.2041900660616562 -67.7202020771694890
 83.2129324320497261 -67.7343114693293842
 83.2219660978468454 -67.7169454235791903
 83.2126367895746455 -67.7557303677906759
 83.1970673519587365 -67.7443023319210198
 83.2180385875901152 -67.7477918706092339
 83.2437388368919216 -67.7418406831573350
 83.1747276584120385 -67.7229962747821332
 83.2106219803027187 -67.7339145858162226
 83.2209895901724934 -67.7358014745323516
 83.2255597833414100 -67.7413274733148967
 83.2008738574216835 -67.7560678266450367
 83.2100524280676126 -67.7256978700375214
 83.1782082546302775 -67.7180430458841727
 83.2162901675807234 -67.7451781599402807
 83.2221318033783177 -67.7474691474536144
 83.1865023504882259 -67.7277394049506825
 83.2257096123240103 -67.7520964200115401
 83.2044600641185923 -67.7186963305767478
 83.2242460466550398 -67.7269945069822654
 83.2430044420934649 -67.7485582543559985
 83.1852517962612552 -67.7375826270624088
 83.2001591085494425 -67.7312630480048199
 83.2257965878326900 -67.7454002178690899
 83.2039680736826170 -67.7567548638115795
 83.2283589571099895 -67.7381412288411866
 83.1820852409956899 -67.7223075695547010
 83.2125331104508064 -67.7399948040139037
 83.2303983724770120 -67.7371092322130579
 83.2058524251697236 -67.7292898436050450
 83.1710332033218549 -67.7233672279459711
 83.1784506047822134 -67.7175946025530635
 83.1995341672678705 -67.7548049631606091
 83.1866791340964795 -67.7215055407457811
 83.2013972033308136 -67.7118271342428955
 83.1776022917618860 -67.7156986074850380
 83.2497718052925393 -67.7495742459481818
 83.2458462031894584 -67.7486270619457116
 83.2302425014070479 -67.7369078319496225
 83.2404888795703641 -67.7453639889545087
 83.1837841538025060 -67.7249317363170036
 83.1851962870970283 -67.7138830537359695
 83.2374248540523922 -67.7318097096417233
 83.1953399285003172 -67.7483617196967600
 83.1838051164259156 -67.7300161056270866
 83.2288191609127352 -67.7323672846110441
 83.2091448632503585 -67.7348896852482767
 83.1896271612967837 -67.7361985142558041
 83.2266660224613872 -67.7239929600713850
 83.2188977488479082 -67.7529842822078336
 83.1794635364397124 -67.7321894378006988
 83.2084718176535176 -67.7356458992232575
 83.1977744843934062 -67.7368275708254401
 83.1884427551102732 -67.7283128351185582
 83.2161412729567473 -67.7274016727428005
 83.2267369050904620 -67.7446369686692549
 83.1945564962951636 -67.7174200842352292
 83.2040513873363494 -67.7093838011379319
 83.2282153350668068 -67.7311821901215012
 83.2002015161186961 -67.7154239779019349
 83.2245527760708654 -67.7381774778836387
 83.2086330638549043 -67.7361436433791795
 83.2385104998421212 -67.7329006891675505
 83.2354659439341447 -67.7329134616883550
 83.1700317989304665 -67.7179519853600596
 83.2142523627271089 -67.7461669312599923
 83.2237959670938494 -67.7201418342323080
 83.1622490657435804 -67.7194851524633066
 83.2001324208013102 -67.7147767583059021
 83.2041332550018780 -67.7156428377269464
 83.2117014522191454 -67.7548985902983247
 83.2432970398297698 -67.7392551211019196
 83.2132307397441338 -67.7281136549796940
 83.1675567440333907 -67.7170314789795214
 83.2072191462627728 -67.7496037982721617
 83.2056667446223344 -67.7311835597535747
 83.2111571100568739 -67.7544121679255937
 83.1961264303475048 -67.7273009448421561
 83.1916297253029313 -67.7374066957714263
 83.2200683657095368 -67.7496401777246291
 83.2271441127213905 -67.7289270990307415
 83.1829501387316128 -67.7370319520604482
 83.2031195589251951 -67.7428105034184114
 83.1898886126101900 -67.7191173698398501
 83.2217966444365516 -67.7162093814429511
 83.1766928692315162 -67.7244181256110238
 83.2156271404442407 -67.7319398244788147
 83.2234484536808594 -67.7359441155594197
 83.1969260253195984 -67.7375311351882488
 83.1815311425870902 -67.7198514713322766
 83.1800337140873580 -67.7141207614507294
 83.2479316096615065 -67.7505431194765748
 83.2172253283674053 -67.7487505501925682
 83.1803236191799868 -67.7228259666898822
 83.1849239059002485 -67.7138638508505721
 83.2137995524092702 -67.7164493631155153
 83.2062067939607033 -67.7226589161002579
 83.2350260282796626 -67.7410395061863966
 83.1929625618025597 -67.7172637905207324
 83.1871533874770535 -67.7448169365100767
 83.2282168486914173 -67.7504214726125298
 83.2128810260544469 -67.7514946933465581
 83.2182703399963941 -67.7299699316442059
 83.1946620645208696 -67.7497656193767170
 83.2083262449196894 -67.7357354623273977
 83.1769195000446615 -67.7260775097767009
 83.1820107825831769 -67.7278030421898336
 83.2138730487587850 -67.7419466290497923
 83.2085862501023286 -67.7270896406530056
 83.2080337308107261 -67.7483518679998724
 83.2134354021031299 -67.7547890485097071
 83.2406426319148380 -67.7444243417458125
 83.1917800514011816 -67.7400852221744856
 83.2120565924226696 -67.7407720156348461
 83.1740034927317424 -67.7253638053386311
 83.2435702665447508 -67.7467980811795911
 83.2449317420810928 -67.7493589081348233
 83.2160609299169920 -67.7307930645055336
 83.1920436995009140 -67.7144395861846107
 83.2143364204699481 -67.7298452140142189
 83.1713744608020846 -67.7208012103705101
 83.2438702829114874 -67.7390726184074765
 83.2030621433768829 -67.7238716963649097
 83.2121008816726402 -67.7230752166495904
 83.1803497381283563 -67.7243388609923045
 83.2379877283252512 -67.7513029899757981
 83.2019336023487313 -67.7337252518468347
 83.2197840949385323 -67.7173398657564292
 83.2146076698307269 -67.7408274129141006
 83.1863211033541603 -67.7272938500693726
 83.2253904248153304 -67.7496357229306625
 83.2177997799041265 -67.7555013771027319
 83.1998441707576148 -67.7259038296092655
 83.2002180819176118 -67.7190366042808165
 83.2484860364773880 -67.7472548701627488
 83.1844353072079628 -67.7236304656718744
 83.1952216779773721 -67.7257345228645704
 83.1871417966886071 -67.7224302123035926
 83.1867519627039940 -67.7316562615332600
 83.1853996560807190 -67.7175048922253353
 83.1920854107255252 -67.7250401819926253
 83.2306204496925801 -67.7382882278768079
 83.2347911806497649 -67.7403891571747607
 83.2084872450960091 -67.7497327505053732
 83.2067264801790714 -67.7289566718427523
 83.2373223704393723 -67.7371970404478532
 83.1805232665994509 -67.7356542140919942
 83.2028239345397793 -67.7246135462209651
 83.1940072571352403 -67.7180729893384949
 83.2128821010843467 -67.7287144404561019
 83.1960582624160452 -67.7392532302443584
 83.2148152991136669 -67.7225181484775334
 83.1961897567529007 -67.7189949702312504
 83.2049203677393621 -67.7187678769784753
 83.2027957889324625 -67.7361395470250471
 83.1765705162202948 -67.7132661767028168
 83.2159162494544518 -67.7477909498004749
 83.1843605943369795 -67.7312200552282491
 83.2029958586244192 -67.7112115307643592
 83.2452599712709826 -67.7408996944013779
 83.2086270397854690 -67.7286524424801541
 83.1993613066683508 -67.7245579056134659
 83.2005874312646228 -67.7432332781128679
 83.1962035566639173 -67.7189218529029233
 83.2164858448762033 -67.7414079277272378
 83.2412637422827402 -67.7510755306574310
 83.2251810299269437 -67.7387871959348473
 83.1896436928529823 -67.7312042511109951
 83.1956209355789866 -67.7363121119920493
 83.1936969086676896 -67.7104291837790271
 83.1659586708863401 -67.7209013031826004
 83.2087425813244010 -67.7452710812273295
 83.2142515569875201 -67.7429848620793820
 83.2264925636493444 -67.7386791573324842
 83.1772282108712631 -67.7329240175572522
 83.2234137089023704 -67.7231415181588829
 83.2004894689984127 -67.7429142658102137
 83.2195219167604847 -67.7191142523420666
 83.1981903639215830 -67.7162245338299158
 83.1931193053191720 -67.7305537945496212
 83.2476997361916631 -67.7463760892251941
 83.1825420892656950 -67.7341017977477406
 83.2340548968303295 -67.7380973045234782
 83.1749530084650246 -67.7236580437420201
 83.1906942494802593 -67.7221500290940241
 83.2048679520971035 -67.7187177607295041
 83.2017989555954216 -67.7287982364005359
 83.1905340542454468 -67.7264695776989782
 83.2469801204839115 -67.7454077337555276
 83.2127128681494241 -67.7361657583496282
 83.2163911801956289 -67.7140092660655313
 83.1913319499305857 -67.7169871713632432
 83.2418194887170841 -67.7427393583455455
 83.1830143718969737 -67.7171824634908290
 83.2058346302796537 -67.7393301876962113
 83.1750083031636507 -67.7287510715384826
 83.2298703254170249 -67.7346829179610523
 83.2169647262531385 -67.7348193651837676
 83.2373375519449894 -67.7365412808663763
 83.2045175652999092 -67.7287864438706606
 83.1911318743192965 -67.7301953366900449
 83.1674095710775418 -67.7212567229838527
 83.2449457118274410 -67.7498286644524370
 83.1885291556429110 -67.7201193461404074
 83.2041454471710296 -67.7479257480752182
 83.2151569289671045 -67.7202690746613882
 83.2073470340484107 -67.7398247113228678
 83.1823483283608596 -67.7142559940041764
 83.2345774271396834 -67.7368125077421581
 83.1966500986821984 -67.7484884144103461
 83.1911189304868799 -67.7265837291709829
 83.2062563931442867 -67.7372387283604667
 83.2023584204473536 -67.7511686674191083
 83.1826751422888719 -67.7339230267034935
 83.1690158109443587 -67.7200053707428111
 83.1801622441983852 -67.7251328893343754
 83.2334620859980419 -67.7280486808254096
 83.2527174044976164 -67.7495374088260434
 83.2105307167251880 -67.7421660278571665
 83.2221722888503024 -67.7323439449436080
 83.2486312325473676 -67.7467207286370012
 83.1853759751433586 -67.7216868427742753
 83.1934276462852864 -67.7488045049507832
 83.2174257811189477 -67.7469147265583871
 83.1863640158105682 -67.7428150761762993
 83.2133955739409714 -67.7081144994879196
 83.1865406437810151 -67.7326493759931907
 83.2178059850215703 -67.7292909480341194
 83.2342598394966160 -67.7447741871035873
 83.2171126479106249 -67.7457206928078364
 83.2053852249816401 -67.7300121859584578
 83.2329279669599629 -67.7487328724634637
 83.2016442729108832 -67.7560865785183637
 83.2099600606897809 -67.7457419737986868
 83.2064300816704474 -67.7354767782653227
 83.2107104209004973 -67.7382044346375238
 83.1807346569385260 -67.7179265272162922
 83.1828840052294964 -67.7153861625519369
 83.2104876125789872 -67.7540476960321030
 83.1737866564380965 -67.7183247734765956
 83.2048792278035592 -67.7300820825514762
 83.2271509919684007 -67.7299354090874743
 83.2284568156030815 -67.7276575749114755
 83.1897782693152124 -67.7132510562068006
 83.1957863075407573 -67.7531519320182696
 83.1981415141286362 -67.7251598375575981
 83.1874018393098424 -67.7352050738449947
 83.1901978381473555 -67.7218495053018472
 83.1963469342305331 -67.7458962482457565
 83.1657778053108956 -67.7223175652456320
 83.1960653502166565 -67.7131653075463760
 83.1949916054430076 -67.7488629268564750
 83.2420905565873710 -67.7412069304896534
 83.2243861341285935 -67.7428404296252182
 83.1901040001376657 -67.7304688671777626
 83.1805257533640514 -67.7163117919461683
 83.2213070517703954 -67.7275026573955188
 83.2102289913035094 -67.7530245143308605
 83.2006196031378380 -67.7325656979157458
 83.2132312047388041 -67.7322343951569792
 83.1926838611589687 -67.7130944179332488
 83.2020213779234865 -67.7195220089767389
 83.2232449902568874 -67.7351809825540698
 83.1932409224955478 -67.7215062543784541
 83.1712519649533277 -67.7204351991673974
 83.1997888068116822 -67.7424468764643137
 83.2119622431784194 -67.7304416126238635
 83.2337125136152025 -67.7515546891679321
 83.1966778374413423 -67.7335232222689143
 83.1958795355770491 -67.7269504492347778
 83.2083356262363338 -67.7277259856266767
 83.2007756878767282 -67.7486470329527606
 83.1950833907246903 -67.7258839815785620
 83.1921903815916295 -67.7286183258046606
 83.2080526253383823 -67.7415535787042131
 83.1750827369632617 -67.7231810624462014
 83.2075638080151805 -67.7400085854652900
 83.1885600086820034 -67.7301073039951689
 83.2209441304032680 -67.7376031550235780
 83.1966474425607601 -67.7252158732319884
 83.2127787454210477 -67.7457346181609665
 83.1797729859674604 -67.7316545614734196
 83.1856584191296662 -67.7255349561976061
 83.2232393050301766 -67.7194551810606953
 83.1717072720384749 -67.7234982102430934
 83.1982645125495992 -67.7171277868297068
 83.1765224472773639 -67.7200938545228865
 83.1944783527843725 -67.7515978845247275
 83.2001144208778101 -67.7577029175035364
 83.2196017249339235 -67.7225699064741775
 83.2056210739232540 -67.7486482295575172
 83.1852727329961397 -67.7228858182564011
 83.2223257978014459 -67.7255818025726057
 83.2193114435699215 -67.7445796028763567
 83.2030678955195810 -67.7209308740653739
 83.2096397726103874 -67.7238047591489760
 83.2111277759649823 -67.7327042394409062
 83.2316007078836577 -67.7357358307179283
 83.2188906768039232 -67.7203169351913346
 83.1888994411724099 -67.7237495198924222
 83.2276116957332874 -67.7298168105213847
 83.1675682124216564 -67.7153075221189340
 83.1988571524758100 -67.7390033811846308
 83.2395146145921672 -67.7387854373731955
 83.2191576968235012 -67.7235936670598591
 83.1873107417315936 -67.7348595717083128
 83.1670158895143175 -67.7180447970220882
 83.1957018481112840 -67.7320758406958277
 83.1862643560297101 -67.7412698499927330
 83.2243087132720802 -67.7221576097488480
 83.1974703824564870 -67.7388570011428897
 83.1951376194241021 -67.7324539437002500
 83.2250246715126138 -67.7368119345721595
 83.2148710845185349 -67.7353410312571356
 83.2112340674849662 -67.7436389726548072
 83.2225001512367015 -67.7221785355887818
 83.1750404323513237 -67.7284481108314651
 83.2448290556821462 -67.7421856349384655
 83.2030692905105553 -67.7124715008478972
 83.2242979022136069 -67.7530452513248775
 83.1836509502574586 -67.7334213277910351
 83.2075640417848490 -67.7506028196624328
 83.1703572698948363 -67.7257102181802537
 83.2244450569841092 -67.7389299147782111
 83.2057029568603923 -67.7112188580067311
 83.2252765512005510 -67.7253710868076979
 83.1982087972584878 -67.7197496866763942
 83.1986037380928281 -67.7328235268024343
 83.2084923396341054 -67.7287536094156621
 83.1799132522260152 -67.7314094677490175
 83.2224550816621331 -67.7395531250170677
 83.2373708617778476 -67.7347061622679547
 83.1936951982103920 -67.7277570915306484
 83.1876207778267229 -67.7403367120050603
 83.2253459051756437 -67.7374651113761388
 83.2319628006739975 -67.7469487858278683
 83.2414071773032873 -67.7477416942784174
 83.2077176250621591 -67.7412274767134051
 83.2091895896012090 -67.7306433111398576
 83.1943164539446656 -67.7185890768656975
 83.2285711071596950 -67.7473887453287773
 83.1823090904383236 -67.7302542470750524
 83.2421637949362463 -67.7416947888332857
 83.2125564237775421 -67.7228056457408769
 83.2195760267340319 -67.7529171212028842
