jwst/tweakreg/tests/data/ref.ecsv
# %ECSV 1.0
# ---
# datatype:
# - {name: RA, datatype: float64}
# - {name: DEC, datatype: float64}
# schema: astropy-2.0
RA DEC
[from data line 1524]
 83.1183492576712695 -67.7402101567894448
 83.1310685112748047 -67.7380477455416781
 83.1531200943704931 -67.7641300892344702
 83.1310510494390655 -67.7348560739032308
 83.1415326398780223 -67.7233286826881340
 83.1157407872112657 -67.7369517021976151
 83.1458826773524748 -67.7395259329126276
 83.1840818595411946 -67.7464078864999522
 83.1872714700554639 -67.7578508674945681
 83.1893869710873020 -67.7541602705902761
 83.1746996056259462 -67.7456543017495250
 83.1372756719476058 -67.7597033892639615
 83.1188649554827634 -67.7328676469693676
 83.1492553670017003 -67.7276082370148913
 83.1240215363104795 -67.7300985348199021
 83.1264939847826980 -67.7238133504074113
 83.1720958117030023 -67.7334453414685242
 83.1581078327659498 -67.7381690218201840
 83.1387799730374297 -67.7548734496224938
 83.1764925656702445 -67.7404101092511155
 83.1550539140008595 -67.7543425908706496
 83.1550610299970714 -67.7282375594022454
 83.1578219003039436 -67.7520321516582271
 83.1334313707114916 -67.7493528584608242
 83.1660794071891019 -67.7437224861730556
 83.1683427535124054 -67.7476859771583264
 83.1561387152181197 -67.7342507451727442
 83.1154354024507711 -67.7303352763057092
 83.1398964408641206 -67.7619305445920475
 83.1670424885773514 -67.7477946050455131
 83.1476820157022445 -67.7204292814677302
 83.1358457324783160 -67.7397194916129166
 83.1467006784709497 -67.7647382473597446
 83.1474899089252091 -67.7321629211295146
 83.1732918116016577 -67.7426782031119217
 83.1666637100002504 -67.7418263350519396
 83.1255481975707937 -67.7461827230582543
 83.1435348876809428 -67.7361806337430465
 83.1471533146314385 -67.7482573271754518
 83.1541357914323953 -67.7355589063335088
 83.1691505785802434 -67.7415705584385819
 83.1779040946648252 -67.7602638252875806
 83.1526184680263896 -67.7303131730045891
 83.1643831230961865 -67.7502793869006865
 83.1529068856709159 -67.7589150177743136
 83.1724019958319900 -67.7400001688294537
 83.1321854780437377 -67.7318019574228600
 83.1401856904624879 -67.7310648914078115
 83.1403835875985351 -67.7456877892968521
 83.1520131155156008 -67.7287009634830355
 83.1391879355823988 -67.7403973905459793
 83.1635149952816732 -67.7418376170778771
 83.1444235161635987 -67.7246797698859240
 83.1469974970481474 -67.7521403865009972
 83.1454929771754223 -67.7200834477923337
 83.1733341740945207 -67.7423673748647133
 83.1286673792482986 -67.7268185277353894
 83.1712938561397266 -67.7518340429083992
 83.1333786291859838 -67.7240678788183033
 83.1635817867272209 -67.7471487778627761
 83.1612460980006460 -67.7605186576094241
 83.1325728400807549 -67.7400565569396633
 83.1710933279611453 -67.7585529284799861
 83.1436162104332368 -67.7508328953326071
 83.1549268629209024 -67.7345292593061714
 83.1403771524327055 -67.7586072513676498
 83.1866640941363897 -67.7478301726574017
 83.1433404575163024 -67.7524324243244251
 83.1762236337712579 -67.7404144137682209
 83.1803592096112396 -67.7522705330311794
 83.1587577585545858 -67.7554287147112575
 83.1798934587781105 -67.7594381400974441
 83.1164411087899424 -67.7302148401332005
 83.1579302239870515 -67.7288269060511965
 83.1490868705137558 -67.7566077732144123
 83.1610046820459559 -67.7384750138741083
 83.1605851368772875 -67.7315163303151309
 83.1405829964095204 -67.7530483870925906
 83.1519235742044458 -67.7403429157479025
 83.1407346031115537 -67.7628320074525021
 83.1612188067610560 -67.7561067894933444
 83.1350569570387563 -67.7497199085785837
 83.1539347975958378 -67.7204997468090966
 83.1395463180623580 -67.7566685280963412
 83.1582859656981128 -67.7416740709541614
 83.1490749996216607 -67.7491026477944160
 83.1788845968048207 -67.7502934602721041
 83.1438916195763937 -67.7414899511230857
 83.1153744167347810 -67.7313717227743126
 83.1339931125914831 -67.7453967577257714
 83.1768873405568456 -67.7481996085675888
 83.1427739293757782 -67.7339340494537083
 83.1560147929235995 -67.7222874009931672
 83.1389226743775254 -67.7452663878653709
 83.1418840924112317 -67.7196664219596585
 83.1573566618196622 -67.7622724874706677
 83.1487536068893860 -67.7603405526954674
 83.1773938686243071 -67.7446736912065006
 83.1476226468179647 -67.7613525925688691
 83.1602403649668389 -67.7394078096536418
 83.1361672554449740 -67.7344498936587058
 83.1510298672127419 -67.7385635030812807
 83.1731494637768662 -67.7378933968466157
 83.1640293035137432 -67.7306859801552861
 83.1565955757504014 -67.7357202382588213
 83.1676135055948293 -67.7515384293559464
 83.1703555876421348 -67.7340098970578310
 83.1641930162819563 -67.7336505422031507
 83.1390915310986998 -67.7470379149970512
 83.1867713517221716 -67.7531491568634294
 83.1879376798340928 -67.7593875856053529
 83.1569494726462608 -67.7304243200621841
 83.1731473003717667 -67.7510591405765012
 83.1726628696786463 -67.7461942244503916
 83.1249635850900290 -67.7444184783121273
 83.1215678054360154 -67.7277167280670511
 83.1746169695063173 -67.7402777338566295
 83.1701164325865818 -67.7501322025968165
 83.1485790507138915 -67.7255673049145202
 83.1635540643124500 -67.7491109870906882
 83.1772317709663014 -67.7543866232082905
 83.1490005378203847 -67.7386979491201515
 83.1208896127376562 -67.7361851513966684
 83.1806197801978016 -67.7452208574253092
 83.1535520772878982 -67.7252593338130566
 83.1489158902695067 -67.7271208631508586
 83.1397801592237613 -67.7273280558637936
 83.1988006374928233 -67.7581685062899197
 83.1244795998170787 -67.7287103473599359
 83.1459374438971821 -67.7635469421044547
 83.1335248681865409 -67.7437507774428838
 83.1475934483469814 -67.7540122752431415
 83.1461738069347689 -67.7678365769308897
 83.1467424869428697 -67.7355385229866300
 83.1330754523730491 -67.7446234221754935
 83.1466366158165471 -67.7579356643162924
 83.1485977125678062 -67.7405092563951285
 83.1511006739821426 -67.7451285074121330
 83.1413901156769271 -67.7310397702146076
 83.1281591744628088 -67.7355857043049383
 83.1563115050534378 -67.7372819249626446
 83.1507261075613400 -67.7401229800490228
 83.1264013792933412 -67.7348634399601082
 83.1682348363970476 -67.7309358705054336
 83.1346076406296675 -67.7413091854529625
 83.1510371973746061 -67.7408956555136257
 83.1411435314718403 -67.7269215347320142
 83.1481283878189572 -67.7649333917192251
 83.1573482742586236 -67.7562281952942413
 83.1437487461334399 -67.7240001930315714
 83.1496757223587082 -67.7479019332490111
 83.1611242647757933 -67.7254335667758625
 83.1165826340785685 -67.7357957119798044
 83.1726583897987695 -67.7345128667663090
 83.1612307330343441 -67.7601603677340734
 83.1382111486930597 -67.7562711850194859
 83.1804703525723710 -67.7444983944396313
 83.1155254397777554 -67.7265877526329234
 83.1479153408528759 -67.7286324469709768
 83.1406410260084243 -67.7576837330777693
 83.1230062271523451 -67.7325330181463414
 83.1483346955834435 -67.7281709465925559
 83.1365932896236046 -67.7336430984509121
 83.1204784616992498 -67.7285054292425031
 83.1490107090914705 -67.7609548525254155
 83.1261334489236958 -67.7463169763311015
 83.1329592543913805 -67.7210277784828776
 83.1804460705514117 -67.7470610045823634
 83.1476069411790775 -67.7639915112008566
 83.1505594978835063 -67.7199220215312891
 83.1459305411051162 -67.7213389876709613
 83.1798356808810837 -67.7386928224526201
 83.1577711595532918 -67.7296263876076097
 83.1460288471870115 -67.7504654741482284
 83.1530580788292184 -67.7545772112975300
 83.1580083124820391 -67.7178338644354909
 83.1563780918758368 -67.7510366042039607
 83.1500573753135654 -67.7281062024455736
 83.1210676872639880 -67.7256203147868945
 83.1212775676651461 -67.7356948494119422
 83.1393167515726788 -67.7290779063729502
 83.1403693221504483 -67.7262951261952253
 83.1585873847061379 -67.7508283860349394
 83.1805102983280875 -67.7434451727319669
 83.1568114732499595 -67.7312091754241692
 83.1546685810347839 -67.7638203822580749
 83.1611350689162805 -67.7406142144373860
 83.1700810758241431 -67.7450347329822051
 83.1143885285197541 -67.7309930159062077
 83.1314616340069819 -67.7284083535758725
 83.1527440188007603 -67.7340466667916843
 83.1851820443119294 -67.7475378795968339
 83.1882543638729146 -67.7508047707029846
 83.1587246474920221 -67.7388004473987593
 83.1442459314799294 -67.7265906623517679
 83.1765408215777029 -67.7519207569601321
 83.1464478952600530 -67.7483813423137917
 83.1755848154345472 -67.7554671158508484
 83.1646968205085244 -67.7378328046887503
 83.1639898399221380 -67.7427993448421404
 83.1584278400297734 -67.7648649193522346
 83.1456739011969148 -67.7641575790621431
 83.1577385373398243 -67.7249404354220133
 83.1187490059379712 -67.7237159533607098
 83.1103203164662716 -67.7296188561092976
 83.1701510903495063 -67.7348872398366666
 83.1347064165797605 -67.7462183719104303
 83.1719507954399120 -67.7551382250962462
 83.1706699468281840 -67.7608006235974756
 83.1642895064713912 -67.7273511612705192
 83.1180353355292283 -67.7373873650990816
 83.1546063243704054 -67.7319376365904162
 83.1741432077274254 -67.7488844585821681
 83.1328939960275193 -67.7263042951623220
 83.1307417625765055 -67.7302263234040112
 83.1865536838518551 -67.7473605108177424
 83.1797913984393915 -67.7490085943010456
 83.1130800467141881 -67.7306044928121480
 83.1587327064570587 -67.7462746813773009
 83.1558343119979213 -67.7335766084094644
 83.1640684877957739 -67.7472869789258141
 83.1654526573505990 -67.7485556070708697
 83.1569942190345870 -67.7203380847903844
 83.1735194466521932 -67.7558705619757404
 83.1500947244743287 -67.7186416355858398
 83.1576966171405303 -67.7593111932172150
 83.1710469935534604 -67.7360280184896340
 83.1277433088279167 -67.7437924938894440
 83.1857956532590634 -67.7593102366266749
 83.1533373243070884 -67.7369923284571911
 83.1345847178802728 -67.7255845008752573
 83.1488089485265931 -67.7434875293466661
 83.1382630366708213 -67.7494139180733868
 83.1451329133427066 -67.7634595651762197
 83.1387637318845805 -67.7448026542966204
 83.1499753997520514 -67.7326412792616424
 83.1442250245753769 -67.7190410450305791
 83.1091026860470805 -67.7297527620448534
 83.1467777064030429 -67.7452012321631685
 83.1536193204168512 -67.7630029388882633
 83.1659407269569613 -67.7274298817363274
 83.1446216476216193 -67.7306957971032659
 83.1850088283639195 -67.7609610275473102
 83.1383849799490235 -67.7489531239774863
 83.1305638668775373 -67.7319820344256414
 83.1837320757595506 -67.7535226675260702
 83.1579939236071795 -67.7291096640164625
 83.1511268178894198 -67.7366042773404047
 83.1473327434831475 -67.7213626404286089
 83.1736922473488676 -67.7404587556304278
 83.1740149130325506 -67.7340978717694355
 83.1408224650993617 -67.7390758947424132
 83.1486483477656861 -67.7289126457612269
 83.1569559086825052 -67.7251138941603870
 83.1662812038069461 -67.7249521427883110
 83.1515987937161185 -67.7583440611313250
 83.1614019939942182 -67.7203351259174724
 83.1698042931419934 -67.7292754238380326
 83.1263205354053838 -67.7265898730893383
 83.1559158283776583 -67.7381553715427600
 83.1635352280390094 -67.7392706361731598
 83.1784542353490224 -67.7542123395962363
 83.1169395085731111 -67.7280474171876250
 83.1190869398666763 -67.7352954848649205
 83.1553094746921602 -67.7429909480648860
 83.1335939317888943 -67.7436831046048553
 83.1525772281135716 -67.7213391269173997
 83.1870365094280402 -67.7510610507697351
 83.1411305571978829 -67.7230184526277554
 83.1623025097757420 -67.7563887911531992
 83.1937406869070060 -67.7528308931918843
 83.1769484913313732 -67.7529916828972176
 83.1310140286140751 -67.7291619026878209
 83.1811898797114111 -67.7403127608041302
 83.1776303329002644 -67.7378356710993330
 83.1595239056961759 -67.7502954442071257
 83.1367584825970738 -67.7468277739658049
 83.1656318417726226 -67.7462923860909711
 83.1430101459005044 -67.7358720535115424
 83.1409556448380584 -67.7248662658243177
 83.1525590784212199 -67.7232627699572873
 83.1505401497699950 -67.7447755650756420
 83.1508193951570860 -67.7405071908352028
 83.1558003745640377 -67.7592671400104791
 83.1667713972495477 -67.7510197967673804
 83.1682693054621751 -67.7408220939929606
 83.1560790363452469 -67.7518074008653457
 83.1825363209074311 -67.7486849707580490
 83.1272932640424358 -67.7368301429048074
 83.1640690848548587 -67.7477356388155272
 83.1843240974589548 -67.7445711330737055
 83.1493041314398624 -67.7376854320142883
 83.1512654040237749 -67.7611333728648049
 83.1415094518497710 -67.7577684026880149
 83.1577461402425087 -67.7260326646542410
 83.1653395159906381 -67.7518758607822065
 83.1742325611741933 -67.7463929411725019
 83.1146612485586331 -67.7252090279417445
 83.1223125857141270 -67.7295196321815212
 83.1534352596128912 -67.7363001954405490
 83.1906944754456958 -67.7538069348479155
 83.1396735355297665 -67.7352221305285696
 83.1675840911247661 -67.7359325090967985
 83.1408228899087050 -67.7310720164558404
 83.1411683441827023 -67.7215734517007775
 83.1533164766721171 -67.7218558228266545
 83.1479309096752246 -67.7619751380799329
 83.1851828452259667 -67.7570291376819966
 83.1556035596703111 -67.7312730829254406
 83.1545471273204413 -67.7579989808081677
 83.1439094383858333 -67.7330825913095254
 83.1706518700426471 -67.7359644375880663
 83.1632449878751032 -67.7423366381010510
 83.1641241326535123 -67.7466405309450153
 83.1623124247296488 -67.7575209565614358
 83.1455710503466747 -67.7462634347401575
 83.1359700177867182 -67.7357872792287736
 83.1360655958736317 -67.7408812845358455
 83.1418925169668199 -67.7608705579220185
 83.1754314826768280 -67.7516971017002732
 83.1443547287759941 -67.7361185699666635
 83.1481383171993542 -67.7574045554459587
 83.1427718393325677 -67.7379579466477679
 83.1834427282439464 -67.7476785332050468
 83.1493396827493143 -67.7611659660504699
 83.1549314746773121 -67.7550426006479398
 83.1386254882036155 -67.7556946610917237
 83.1660272952949242 -67.7639530270876662
 83.1376319417855285 -67.7449325390011978
 83.1369905983996773 -67.7572933382552236
 83.1581758042289465 -67.7407962507854364
 83.1242346712613340 -67.7450836202893356
 83.1611258808719214 -67.7322626193790143
 83.1619428964725955 -67.7407435044263480
 83.1237319425440546 -67.7310396818994747
 83.1102701355578262 -67.7253585310654103
 83.1217052763041693 -67.7347879081168855
 83.1632036193486073 -67.7535752038254770
 83.1708165021438219 -67.7618214944455417
 83.1399741554148761 -67.7364771184191312
 83.1651666286394828 -67.7543023088250749
 83.1526163484732450 -67.7448066782650358
 83.1707975724909403 -67.7615908874577713
 83.1846022398563036 -67.7445861753916745
 83.1359596929576270 -67.7492093554435826
 83.1496978295679554 -67.7223830188977871
 83.1162569623747203 -67.7285445269608459
 83.1891385219424677 -67.7604034279192007
 83.1674085959996319 -67.7486921216565179
 83.1317970094533223 -67.7360137053343863
 83.1522007275233932 -67.7214369526120521
 83.1667008902385163 -67.7526200349391843
 83.1732385118018129 -67.7365110345946420
 83.1282454746876738 -67.7422064857917974
 83.1301571868000622 -67.7337698163244966
 83.1605870601306805 -67.7260604424673431
 83.1226283604593448 -67.7412935630718067
 83.1703640678976797 -67.7308177255004296
 83.1834793393314555 -67.7555886137501489
 83.1578306888152667 -67.7449532222347699
 83.1517881105740742 -67.7341831037845452
 83.1576642001319613 -67.7434812242223501
 83.1524639303518995 -67.7657283278245330
 83.1590118612081568 -67.7229685516899309
 83.1566085271963971 -67.7639354515140440
 83.1755124111990654 -67.7460297230215218
 83.1185520189844169 -67.7335090014931041
 83.1585108352797278 -67.7627807081487390
 83.1578561498648696 -67.7452648889856448
 83.1203867489440285 -67.7293302939614961
 83.1747624634016915 -67.7617325810405049
 83.1639322906378595 -67.7523305450625770
 83.1749663843991840 -67.7342151962698154
 83.1618527272258774 -67.7280840956904768
 83.1656984996005377 -67.7559503750784842
 83.1804125020362051 -67.7608557545670180
 83.1178359978595864 -67.7286974157749171
 83.1670561726381550 -67.7414800391279073
 83.1299904841896904 -67.7462046402232829
 83.1298871297517508 -67.7269345934899718
