jwst/tweakreg/tests/data/ref.ecsv
# %ECSV 1.0
# ---
# datatype:
# - {name: RA, datatype: float64}
# - {name: DEC, datatype: float64}
# schema: astropy-2.0
RA DEC
[from data line 762]
 83.1744892754591945 -67.7209915433057148
 83.1829823500230958 -67.7228925200606255
 83.2068332206796555 -67.7450722618624042
 83.2507654396942343 -67.7479484497741851
 83.2238461180202762 -67.7465514007574257
 83.1838665631790377 -67.7344255197355523
 83.2236392115788846 -67.7244784207314723
 83.1993742585241165 -67.7279988119817631
 83.1990219481646989 -67.7335070312896761
 83.1966416996976648 -67.7273684288221176
 83.2502357358664113 -67.7475769304596724
 83.1901017170352759 -67.7253475214178735
 83.2067347811468068 -67.7470580831124352
 83.2255119204844505 -67.7285589428942814
 83.1880327459834348 -67.7212372157320601
 83.1975797536025112 -67.7513030602550970
 83.2089076139963026 -67.7352558943820355
 83.2493002664837149 -67.7504440162099542
 83.2392379002726983 -67.7465412622260743
 83.1852696882373124 -67.7171311032970351
 83.1971892009585900 -67.7432993564475368
 83.1674822875671111 -67.7174966394631497
 83.2415263936351835 -67.7423284911336197
 83.2069161278623852 -67.7460351184265477
 83.2187395069734066 -67.7496488450285455
 83.2017383955416250 -67.7519730405282132
 83.2238149453519327 -67.7447304889105197
 83.1919600737432461 -67.7361895512473637
 83.2281956121394870 -67.7292875837460855
 83.2133073850372682 -67.7392092292716228
 83.2327571930825911 -67.7484354005471801
 83.2245484560703233 -67.7354799230495956
 83.2373241836151294 -67.7430786702324355
 83.2142533378576275 -67.7157335410592793
 83.2353987931204529 -67.7347127760007055
 83.1818226683600983 -67.7364422113939924
 83.2412435608031984 -67.7487864070024557
 83.2416324983137628 -67.7444136237699865
 83.1615623492841678 -67.7164008406496265
 83.1984536527477871 -67.7193392949317996
 83.2074099097811484 -67.7371773099830108
 83.2099156332304091 -67.7292865768699954
 83.1864755049957978 -67.7314546590157960
 83.1887472910436827 -67.7149299987778619
 83.1665895065955283 -67.7178184927028610
 83.1896422314579809 -67.7353743295656301
 83.1850413475834074 -67.7369640342889028
 83.2031891598094262 -67.7414808739476797
 83.2437154160545276 -67.7477007725497060
 83.2174963373445991 -67.7213269858879414
 83.1857699564567525 -67.7168521465827951
 83.2063675707236854 -67.7259790856770394
 83.2141355136731278 -67.7540089357588471
 83.2134618070160315 -67.7451293498529026
 83.2176817338996244 -67.7476696857580833
 83.2461684230769663 -67.7446784050156481
 83.2168219859911318 -67.7541226436226083
 83.1810813079900839 -67.7367199385093102
 83.1704135928711992 -67.7227659949785590
 83.2091541685508815 -67.7495991988646722
 83.1810838940052832 -67.7270048613598590
 83.1632706721957788 -67.7208200174503219
 83.2105726949154132 -67.7294107975665582
 83.1993403892299312 -67.7226320244068205
 83.2323449620371321 -67.7462303484750521
 83.2191135996585842 -67.7523456635789501
 83.1890348104075485 -67.7310722547479713
 83.1876567019783550 -67.7156567909596703
 83.2100198465900149 -67.7459655100131073
 83.2082847994128940 -67.7518320257495219
 83.2374914844758536 -67.7366216615342722
 83.2197005338302347 -67.7410764460438344
 83.2374042684322717 -67.7329693558897930
 83.2125591595248295 -67.7443468649808693
 83.2259092106564964 -67.7396042293034526
 83.1991518067503222 -67.7390067506803746
 83.1713250575661931 -67.7157343080779697
 83.2168676754106826 -67.7164328626408292
 83.2174859423331128 -67.7303967918240915
 83.2022448367211211 -67.7484864097655048
 83.1772379805602071 -67.7246422252511451
 83.1808846253918404 -67.7300859110822273
 83.2008803328591426 -67.7572933805631124
 83.2081537219680172 -67.7390237594296423
 83.2004924155350238 -67.7402189719192762
 83.2040034509263080 -67.7095234141227138
 83.2068138705760987 -67.7364547560550818
 83.2387972318681477 -67.7486464342393049
 83.1845980354560623 -67.7243895512343812
 83.1737599917432533 -67.7301914910696183
 83.1802948191699159 -67.7165731839139369
 83.2416570302341086 -67.7458866407238389
 83.2033364367616031 -67.7270488175841621
 83.2311468139687349 -67.7421464453545923
 83.2114175099891042 -67.7101027701536822
 83.2008952836420832 -67.7288885473737423
 83.1845538000534930 -67.7256121724151114
 83.2263876423812405 -67.7522603041996661
 83.1972582210999008 -67.7176302625332056
 83.2141248922546879 -67.7152217003504546
 83.1992639547083286 -67.7185907989155140
 83.1835129895771672 -67.7151609009828377
 83.1973912933892592 -67.7315449253574116
 83.2131517652765496 -67.7414585026518097
 83.1940394937560512 -67.7513571344756400
 83.1915760176035946 -67.7371466834046316
 83.1829883208295229 -67.7302513430290105
 83.2503561982399845 -67.7469002177452211
 83.2257009816542705 -67.7346621891655900
 83.2253518404521344 -67.7471059328925662
 83.2220776770231652 -67.7303810206959014
 83.2173732995597106 -67.7491215333623842
 83.2185381448954899 -67.7458965288464725
 83.2137105209815644 -67.7138694094035287
 83.1880895770541429 -67.7240737152343115
 83.1891434191251022 -67.7276553657169700
 83.1991878206195707 -67.7563540911649369
 83.1789740711174659 -67.7271493609112554
 83.1843232692584849 -67.7243314492392159
 83.1727529864608357 -67.7225630807823933
 83.2194278856357101 -67.7230816549021171
 83.2102669834463171 -67.7541719110315199
 83.1910347241570349 -67.7485417799165219
 83.1794089427973660 -67.7298719123018600
 83.1989761751686245 -67.7176821230404329
 83.2114870804300040 -67.7143558130685932
 83.2035612341368136 -67.7460659521982222
 83.1971962282339064 -67.7137621077363718
 83.1787435899739052 -67.7142672193460839
 83.2321457982066306 -67.7485218406757923
 83.2045096205263945 -67.7504970251653305
 83.1864680613569050 -67.7401273070776710
 83.1822457035764415 -67.7232680888706113
 83.2282227954941050 -67.7470772022676613
 83.1991069395034373 -67.7273518015321088
 83.2150768043855038 -67.7532849165036879
 83.2336237202413827 -67.7435610767166452
 83.2128447110464862 -67.7125770945900456
 83.1850140250834329 -67.7424948932363122
 83.1991922211348367 -67.7175243286507254
 83.1812450897998161 -67.7370480795694192
 83.1833566888818865 -67.7172879268372725
 83.1814067834644817 -67.7362758978002972
 83.2182153301937291 -67.7213782824264428
 83.1804603697806755 -67.7139764825084995
 83.2099031385476025 -67.7239676250022882
 83.2107540343578194 -67.7373492632094809
 83.2109743111767557 -67.7499302880561061
 83.2255877492651734 -67.7203630794631266
 83.2338069841918582 -67.7453721141125982
 83.1970279492220754 -67.7361078885408716
 83.2021267747648210 -67.7166737417939828
 83.2122343393941293 -67.7316094285321810
 83.2049497995184169 -67.7308407464733193
 83.2153897024144129 -67.7183653276391624
 83.2119540025601196 -67.7454394514328015
 83.2312298865296896 -67.7479349488677087
 83.1798592375346146 -67.7351214814740530
 83.1878729470049336 -67.7325643805832556
 83.2044581510479020 -67.7396686778402284
 83.2306374448060637 -67.7319134621794205
 83.1818424626721935 -67.7238860480128153
 83.2049119230673142 -67.7577225173340452
 83.1984553915532388 -67.7457411058896923
 83.2029403580846889 -67.7487189160265473
 83.2161309795092166 -67.7547354523465799
 83.2123264487941299 -67.7222234937188432
 83.1859903739862148 -67.7215192941071820
 83.2213034000690470 -67.7238675362711575
 83.2021351497782433 -67.7246033745710889
 83.1983538366145012 -67.7297147448397254
 83.2045714567314150 -67.7396629554263541
 83.1980165465043484 -67.7478215867324138
 83.1969751377352935 -67.7500669178598969
 83.1977677342750610 -67.7342005673691148
 83.2191760192057757 -67.7537098145032104
 83.2124051137483320 -67.7095336200791849
 83.1949518994335051 -67.7245189477026628
 83.2046585395697633 -67.7343837640697615
 83.1922266695464430 -67.7176600430551048
 83.1981079856285959 -67.7402784009408663
 83.2022554582888176 -67.7560269601419662
 83.2048933272864701 -67.7140251398650008
 83.1914040751270960 -67.7242418306730798
 83.2009588653933889 -67.7554671886348672
 83.1947531701513583 -67.7202154432460901
 83.2230938487126366 -67.7193712762926197
 83.2293440343803894 -67.7307598764748633
 83.2201143935802037 -67.7338745158376696
 83.2007993548634062 -67.7159219426140453
 83.2110783620994710 -67.7325895969248535
 83.1681385306628158 -67.7221748444030140
 83.1893670456121583 -67.7455308047313594
 83.2403231436089897 -67.7434325208057686
 83.1818638244706534 -67.7372628564750840
 83.2243109341567902 -67.7260134916191845
 83.1857986953437489 -67.7217927321414237
 83.2327943449108290 -67.7360716779592025
 83.2230145338104421 -67.7345151400174075
 83.2379743976992614 -67.7360858173766616
 83.2156684297204094 -67.7447647174301721
 83.2038210950235708 -67.7403654614435737
 83.2193535719112134 -67.7159332551670872
 83.1935431964801353 -67.7260226860112056
 83.2278223325200628 -67.7374770332216087
 83.2161731855928792 -67.7290865885073714
 83.2347733898761959 -67.7385448917873418
 83.1931086407334561 -67.7279483462051388
 83.2205280375882239 -67.7185214465375083
 83.2160742444236945 -67.7450926798659196
 83.2109745493299613 -67.7428570219158388
 83.2242378204194040 -67.7384902890268705
 83.2236621244375101 -67.7525910678377983
 83.1745498209842822 -67.7287358389197180
 83.2058711634009001 -67.7190520820616371
 83.2167737540689387 -67.7357009960832528
 83.2258393821838922 -67.7511939777222523
 83.1843345407380070 -67.7411855505455662
 83.1900858655170907 -67.7171764515420591
 83.2319844247305838 -67.7298473806535810
 83.2149543607952324 -67.7262613486431917
 83.2342898827969435 -67.7430551906083309
 83.1845007526038813 -67.7186005464367469
 83.1950661831872651 -67.7358468915181930
 83.1972559872516229 -67.7251642153642450
 83.2023717286125333 -67.7198386008659554
 83.1987379303774475 -67.7157244611940854
 83.2342946661445353 -67.7378851439453911
 83.2352503358914362 -67.7466227967789933
 83.2314876846199070 -67.7509431885574429
 83.1851342430459084 -67.7324547185107377
 83.2173522025280903 -67.7233994697457860
 83.1689290551852594 -67.7196248570667052
 83.2508796646234259 -67.7498621331756254
 83.2036934654260563 -67.7206107861114077
 83.2290378656792598 -67.7315692539674643
 83.1848877783618974 -67.7277350993727936
 83.1774909140498266 -67.7204425303355038
 83.1906774620733529 -67.7502906081993359
 83.1739680028190520 -67.7371625743820687
 83.1820486386956759 -67.7613422489855139
 83.1471275124247029 -67.7476653671878211
 83.1569798298242091 -67.7525271899400110
 83.1677163370343493 -67.7266920174262452
 83.1665063129323272 -67.7465234278822379
 83.1883097643381433 -67.7587983221804961
 83.1544788054348913 -67.7297355882978849
 83.1852950676058072 -67.7601259012152610
 83.1716015741026240 -67.7464952715891116
 83.1659833710742760 -67.7553057632756150
 83.1572066380888515 -67.7179067722011041
 83.1568579064906999 -67.7433166138925174
 83.1578374823221367 -67.7334924133562453
 83.1832391881775237 -67.7552501880436040
 83.1536341404620742 -67.7369604377348367
 83.1351879871523352 -67.7205329275780912
 83.1788796210804549 -67.7556847866639345
 83.1490592395936829 -67.7596079739310966
 83.1332410451436630 -67.7444604966038497
 83.1673357752458600 -67.7280299878457868
 83.1595126413476606 -67.7210332594447948
 83.1100335483812671 -67.7250474855933078
 83.1528809938630928 -67.7285194723798867
 83.1576949761135324 -67.7565549828329239
 83.1638895628069434 -67.7490540531580479
 83.1322758523996725 -67.7365469866203256
 83.1585857922864164 -67.7454323073391578
 83.1317978694444406 -67.7372076012354398
 83.1620209183134449 -67.7613252739434131
 83.1493869752905255 -67.7613639969600001
 83.1729017433543163 -67.7423485839415775
 83.1428699972363177 -67.7203866366352401
 83.1836710060994591 -67.7586633289260760
 83.1424769416089333 -67.7518177441998546
 83.1666407478442551 -67.7560332157073333
 83.1520765211236466 -67.7640747019707561
 83.1733859306516337 -67.7381338157033071
 83.1154839110102870 -67.7255888238632195
 83.1907307278705446 -67.7531556906412646
 83.1604081678041780 -67.7508873327022059
 83.1380640851971719 -67.7304909841680001
 83.1534608594714229 -67.7477033684428278
 83.1734961560273547 -67.7417006278035529
 83.1356065166144163 -67.7414416037781564
 83.1370616078517486 -67.7307491996849649
 83.1874456016770836 -67.7469082486817484
 83.1682478177469875 -67.7401931279324288
 83.1211540045856481 -67.7290136165534022
 83.1215300483005848 -67.7425365461828193
 83.1442978912005515 -67.7301727375454448
 83.1625090882949536 -67.7283086868480666
 83.1544234827234590 -67.7246201148164317
 83.1129143312248289 -67.7313894333786664
 83.1751183333193040 -67.7372797748030848
 83.1617181142878508 -67.7235954929578696
 83.1575772225075269 -67.7416393355045727
 83.1395356032056867 -67.7197160660947191
 83.1731184485880135 -67.7571821482435723
 83.1544088988645029 -67.7519832030700684
 83.1640612737290326 -67.7488805184304539
 83.1807774683345258 -67.7536106491541688
 83.1290953582077776 -67.7295766108054949
 83.1784293698249826 -67.7556392603739681
 83.1420329375198151 -67.7399459347361130
 83.1776301111767822 -67.7567120077021059
 83.1716011641499477 -67.7399165932277327
 83.1703424100772963 -67.7596450182890067
 83.1181444269242036 -67.7283584488117185
 83.1476730238400705 -67.7361390051947581
 83.1832289971151795 -67.7527364221195398
 83.1465270135734329 -67.7487094805632921
 83.1608325529707599 -67.7262797088221902
 83.1456776398344317 -67.7280284350693051
 83.1614320820816459 -67.7251261262764217
 83.1633419962943350 -67.7588207504832383
 83.1406689770797271 -67.7376516794512327
 83.1358187169013121 -67.7574307391547279
 83.1646806457686836 -67.7534512018138599
 83.1423450129595238 -67.7557922115762779
 83.1323957763837456 -67.7343765105918436
 83.1535256907061608 -67.7453268396590289
 83.1421522679426346 -67.7376158641405652
 83.1501598566472637 -67.7227828939456344
 83.1202788950061091 -67.7355769300741457
 83.1258272066582151 -67.7468715700055810
 83.1701874984087084 -67.7555623892506844
 83.1675607002056267 -67.7503071376704895
 83.1681516727047949 -67.7501443336039131
 83.1846087722308170 -67.7535061912824261
 83.1280091567086430 -67.7438561309897267
 83.1888213647963823 -67.7573154405003351
 83.1702390225084542 -67.7343335838543084
 83.1308096060929103 -67.7521986074592775
 83.1691958351160281 -67.7321030249985228
 83.1729678570264639 -67.7549029360240951
 83.1684938575893113 -67.7629293268061446
 83.1500707880389456 -67.7403568354043273
 83.1604905748194625 -67.7198551631745431
 83.1296065307723495 -67.7251301762289444
 83.1246981473346551 -67.7270427557797348
 83.1073398722534904 -67.7276540195549757
 83.1646073470718505 -67.7402448720611687
 83.1812332346805476 -67.7465210638754485
 83.1192906552818727 -67.7360721616614825
 83.1353692192204932 -67.7349877108025851
 83.1745097632497163 -67.7605501496006610
 83.1715268908118617 -67.7490363480394393
 83.1509026448733550 -67.7321471434924689
 83.1372022986792416 -67.7249096392090024
 83.1617239139016959 -67.7385415005133353
 83.1740139889515149 -67.7539683519726594
 83.1406036855309338 -67.7525827751455125
 83.1847871246461494 -67.7449610666004673
 83.1803153869851997 -67.7543208137215203
 83.1484023794352822 -67.7360536239434765
 83.1624135172019265 -67.7287665422348937
 83.1226683931424759 -67.7336018912444473
 83.1341950957364020 -67.7278611072893000
 83.1095882596782900 -67.7275656556237351
 83.1472054035330217 -67.7595422190053824
 83.1353241552231026 -67.7539475574297256
 83.1591534514732302 -67.7580605391222832
 83.1424719089151836 -67.7625976230740008
 83.1270197596090981 -67.7411233292400965
 83.1299329258394692 -67.7416483609063107
 83.1960141110290579 -67.7555728389423280
 83.1293286123641337 -67.7455235150619330
 83.1776770426468346 -67.7428268059971259
 83.1932878521813421 -67.7582218173548654
 83.1677415006764988 -67.7264468417165233
 83.1823232564421033 -67.7416212446024275
 83.1671327039803288 -67.7367762123711117
 83.1502132462165520 -67.7283134549408601
 83.1196346733917437 -67.7274193933489670
 83.1312838459941332 -67.7258076390255610
 83.1747488901924896 -67.7544211628248121
 83.1854434136225933 -67.7531485675590943
 83.1271697968000041 -67.7295515793328349
 83.1543558283435402 -67.7584327795559034
 83.1665391921576713 -67.7308808065176038
