jwst/tweakreg/tests/data/ref.ecsv
# %ECSV 1.0
# ---
# datatype:
# - {name: RA, datatype: float64}
# - {name: DEC, datatype: float64}
# schema: astropy-2.0
RA DEC
[from data line 1143]
 83.1436898824687063 -67.7457388878310525
 83.1576787887892408 -67.7348444581682259
 83.1397339039523473 -67.7591075658304902
 83.1399846470231836 -67.7551381033572966
 83.1784630319424707 -67.7566678511420548
 83.1339674910235686 -67.7278641687463079
 83.1972138743808216 -67.7592755395299378
 83.1851474970239479 -67.7529753126733425
 83.1493645405934245 -67.7540967076903229
 83.1719843116972442 -67.7431108248598832
 83.1321072066906481 -67.7422090855535970
 83.1847779021797038 -67.7475199821196412
 83.1414469019724436 -67.7342165281356756
 83.1405513456313940 -67.7233553106499357
 83.1801123886971396 -67.7588210730019966
 83.1138163984113589 -67.7347329127859439
 83.1585666387183835 -67.7259081031111236
 83.1431789960765570 -67.7265665117112121
 83.1161773436329696 -67.7251525538482184
 83.1428191921091724 -67.7330181898150130
 83.1405563714712059 -67.7473330509322551
 83.1655667396184271 -67.7371879749421737
 83.1656165754231438 -67.7642186356113285
 83.1610458950239746 -67.7302533183969331
 83.1542841382973847 -67.7214592435259846
 83.1518516417538081 -67.7542445606921575
 83.1525026393662614 -67.7604700507174016
 83.1759849772116127 -67.7400122198892802
 83.1555314680973510 -67.7294912219072955
 83.1784295220007834 -67.7394572861669673
 83.1496069811319245 -67.7451287924505721
 83.1873016084356891 -67.7478878718917343
 83.1891503021068104 -67.7586346040684333
 83.1871786724974100 -67.7545256905427635
 83.1762803942909699 -67.7608103377447009
 83.1140520440901156 -67.7327915188101315
 83.1163721575421164 -67.7362138843322157
 83.1719582365677894 -67.7572304652537696
 83.1440589026197046 -67.7230712621099542
 83.1762215197662442 -67.7384886493868521
 83.1505514227478812 -67.7187785017842856
 83.1818216392194927 -67.7509749745646701
 83.1559129172363356 -67.7376563170409156
 83.1471021197314002 -67.7557927321584827
 83.1519128603378306 -67.7418004114109067
 83.1534188352687238 -67.7315690016151564
 83.1481166250971455 -67.7675455492477425
 83.1425526965554837 -67.7388557885190608
 83.1720064590571155 -67.7330410400291214
 83.1504476555356007 -67.7635571577763471
 83.1314668896689142 -67.7508441968261650
 83.1902931662196323 -67.7492582014230891
 83.1252151232180267 -67.7321751298194954
 83.1578863720717862 -67.7327642220729729
 83.1306839527388632 -67.7275025352453923
 83.1686527848518011 -67.7569027616683286
 83.1341648849015229 -67.7484863501349253
 83.1234797007039958 -67.7303024859797631
 83.1526960946609961 -67.7402558252529587
 83.1566049430527556 -67.7539940641620149
 83.1440230193394427 -67.7249430201745213
 83.1664777100502164 -67.7313971173613538
 83.1342276419092343 -67.7235062579420770
 83.1346626642204711 -67.7212644997770923
 83.1194931569815338 -67.7266955187595556
 83.1410694583950090 -67.7418473453960672
 83.1451633238578722 -67.7541506164421037
 83.1218918855109621 -67.7324120639823377
 83.1810450814690228 -67.7560424858588988
 83.1525764910853979 -67.7450570169888096
 83.1391775850621428 -67.7362273918988365
 83.1121674384705926 -67.7274224040998973
 83.1366858711310641 -67.7486449094669041
 83.1458765308967855 -67.7511747641067643
 83.1376679867553037 -67.7389973263208844
 83.1498973451671333 -67.7191383551942181
 83.1192484687889674 -67.7354209171332400
 83.1538739074945283 -67.7435437373466698
 83.1374986662264632 -67.7355425405157234
 83.1403725751571301 -67.7300480622928092
 83.1524793103611728 -67.7424715698263924
 83.1363456869676156 -67.7356213554281226
 83.1280231678264556 -67.7283651553232602
 83.1531206489618882 -67.7598783904595905
 83.1335862837777313 -67.7525035651997598
 83.1487382097453036 -67.7261553803617744
 83.1672890062972954 -67.7455548399451573
 83.1759188385490091 -67.7487365667352037
 83.1280656749120226 -67.7392249888768703
 83.1628374951744576 -67.7639782699433511
 83.1859497213524151 -67.7536117124738979
 83.1566064566323604 -67.7320913654598940
 83.1503391360860604 -67.7459339698545762
 83.1281372671512031 -67.7320425549764593
 83.1620537829642927 -67.7639591073324397
 83.1697540235490749 -67.7477207090339135
 83.1344307937774545 -67.7252827773930051
 83.1634169173531177 -67.7293534756680629
 83.1532693286376201 -67.7367362288133563
 83.1222983694881350 -67.7373646841766970
 83.1117232227427394 -67.7264817365353906
 83.1795814367345656 -67.7448041001922832
 83.1466912777179914 -67.7613478895955410
 83.1687004496194362 -67.7503514591478933
 83.1311271994514414 -67.7427954831270682
 83.1251709791361577 -67.7457091577505111
 83.1482852283258893 -67.7605299345747198
 83.1412465460066272 -67.7459721673678530
 83.1367883222084316 -67.7488863579436895
 83.1191810033112830 -67.7351661772112834
 83.1257799387052074 -67.7336553176275089
 83.1592164566030760 -67.7296106878492026
 83.1434848541083795 -67.7470124436661081
 83.1796725671145367 -67.7385239710324356
 83.1189621617685219 -67.7248303444110604
 83.1387351787932261 -67.7456757290665053
 83.1128898030507202 -67.7248982730833831
 83.1172271000676517 -67.7269256615602444
 83.1658434218207105 -67.7309070767770294
 83.1359867130179708 -67.7481582154868960
 83.1881846323005050 -67.7582122753520224
 83.1532338328608347 -67.7336652222236779
 83.1452296778612805 -67.7217320822934141
 83.1469812811262301 -67.7383325718220703
 83.1297152205661263 -67.7369855743135503
 83.1770667717811278 -67.7388426578255718
 83.1568072702385166 -67.7264804673987442
 83.1406048076568283 -67.7479983245615216
 83.1883830586594399 -67.7481993718695463
 83.1469179369622253 -67.7305887342159423
 83.1445396100831005 -67.7290025486567089
 83.1264664972468381 -67.7308426410418036
 83.1544371770064856 -67.7219348945990589
 83.1438334185889687 -67.7360522827169120
 83.1446845477653937 -67.7355829707115618
 83.1600694483181826 -67.7518001260621787
 83.1391665974081064 -67.7235892480112369
 83.1554962877941932 -67.7207415653005995
 83.1427792810286377 -67.7415015246372860
 83.1210995408007847 -67.7372919828546713
 83.1464452326094090 -67.7343125258630039
 83.1577495354109573 -67.7471563791251583
 83.1753101136359163 -67.7506399413651224
 83.1794580510429000 -67.7467221601689999
 83.1592671534334613 -67.7208162916577692
 83.1637190988908515 -67.7352759012923826
 83.1188801218220590 -67.7254543398374977
 83.1711619881164381 -67.7472409276166303
 83.1862893635993572 -67.7568239486876678
 83.1553710881087511 -67.7446091311053920
 83.1507360718635198 -67.7549540424398202
 83.1307408491122004 -67.7491600323765795
 83.1763058464676561 -67.7516778415409249
 83.1636672934139085 -67.7507248344266628
 83.1371640068359881 -67.7499870305959462
 83.1574162765755176 -67.7472587845351342
 83.1123840615863827 -67.7248365063546629
 83.1566104467861749 -67.7628490064193016
 83.1438619261547132 -67.7200593949814049
 83.1479605499176841 -67.7611905587379937
 83.1803583425576107 -67.7537571966976060
 83.1632938331999867 -67.7413453679192230
 83.1447276242593887 -67.7643942192539299
 83.1542589544906576 -67.7459519722223291
 83.1336953112434855 -67.7252231256951234
 83.1447168830622445 -67.7655758289130006
 83.1441034526379070 -67.7309410079501077
 83.1800204945676001 -67.7423509398335000
 83.1975761070530098 -67.7573742463021063
 83.1551821304066152 -67.7611612095825393
 83.1678334312187246 -67.7553724732944573
 83.1681536802247194 -67.7448086281046642
 83.1853982623445631 -67.7487007618584300
 83.1414246147685247 -67.7320302543031971
 83.1842646844430647 -67.7559098376568585
 83.1433526340350681 -67.7375064637314779
 83.1914100084226220 -67.7504209800202091
 83.1594281963491255 -67.7542169237990919
 83.1637742018362047 -67.7550879746372630
 83.1647626093507171 -67.7352154808518918
 83.1624516990060414 -67.7249745074564231
 83.1249582197429930 -67.7368378051756679
 83.1521909380165738 -67.7514639659312223
 83.1348307330801077 -67.7232436797997082
 83.1324707026166010 -67.7499686851487724
 83.1268859533439013 -67.7336185645059601
 83.1431423144960178 -67.7345766404047538
 83.1102366783253501 -67.7312251477873559
 83.1755668349591701 -67.7440620288033415
 83.1574579019657989 -67.7644070334095119
 83.1702286392487906 -67.7608909649252098
 83.1519739651385947 -67.7413413113560239
 83.1526141513439967 -67.7257091259720880
 83.1578946752692190 -67.7255274704720165
 83.1534148436533371 -67.7643593216382527
 83.1117677886752659 -67.7330042289705432
 83.1630667431317931 -67.7617763075604245
 83.1522772911837649 -67.7177894696499578
 83.1467184367896834 -67.7535772485440049
 83.1676340748811924 -67.7400962869385381
 83.1619758889842728 -67.7616383082405491
 83.1292436185419490 -67.7495875443127602
 83.1290853587059928 -67.7462768634704133
 83.1889625937485704 -67.7533319114337758
 83.1713146358276560 -67.7430352225941732
 83.1315588580744276 -67.7350268290409900
 83.1467426718320439 -67.7466172465044991
 83.1576205706317779 -67.7637145981233431
 83.1735629217949963 -67.7505862413388087
 83.1519955924321579 -67.7265088860016959
 83.1649800168872133 -67.7240355308908732
 83.1333186560864590 -67.7462016709817618
 83.1378062815081478 -67.7345614735823318
 83.1573169734817412 -67.7361311112856015
 83.1405695651782679 -67.7452257662499875
 83.1591217417279864 -67.7581782454856665
 83.1327217108341614 -67.7340140358119385
 83.1283400633774932 -67.7484394602494717
 83.1730233762272775 -67.7557069698950158
 83.1397510028057098 -67.7231754291667869
 83.1560420354492322 -67.7276945157059203
 83.1633951004711491 -67.7430430241005723
 83.1528193204606936 -67.7340361551393499
 83.1578894456239510 -67.7612955754459136
 83.1519448098991063 -67.7617645861822098
 83.1235932300439373 -67.7337526303058723
 83.1793123629429800 -67.7601693889045862
 83.1554315881067225 -67.7219365492034768
 83.1494443172551456 -67.7312200818581545
 83.1590442729244899 -67.7518783934589095
 83.1248961002295346 -67.7422230454566687
 83.1447060623829231 -67.7197565435970574
 83.1714230800862140 -67.7473199747406198
 83.1849604525021533 -67.7492191479041992
 83.1288639265967788 -67.7381652386174835
 83.1475355566013974 -67.7408908631515629
 83.1332770448626519 -67.7254122334339712
 83.1449349767992629 -67.7289567789674294
 83.1485627224591894 -67.7366236550482341
 83.1369964069936600 -67.7275070197524514
 83.1653814372570395 -67.7340693800250051
 83.1623536567329324 -67.7642418304018292
 83.1580223422127887 -67.7458094074113291
 83.1577588354067672 -67.7554231792669555
 83.1588276927069359 -67.7264297856036563
 83.1807072199075606 -67.7462035384499188
 83.1549212349621030 -67.7471272304843524
 83.1107439930449488 -67.7321262279151881
 83.1511839622960593 -67.7333750194768243
 83.1554942024987582 -67.7570293542003981
 83.1407033935952455 -67.7278225313685596
 83.1307911033699583 -67.7382290593924949
 83.1815211670095067 -67.7473257004671296
 83.1495557197577853 -67.7671729213011957
 83.1459177730306891 -67.7459940207696860
 83.1764521117891320 -67.7463083667912258
 83.1703101961475113 -67.7451826953818852
 83.1531726015069523 -67.7588519856634122
 83.1470251713899557 -67.7266226636672428
 83.1597291615803016 -67.7496573632018055
 83.1490559585885620 -67.7369966235413870
 83.1467980518470853 -67.7283921490921159
 83.1645532889575207 -67.7558889993140383
 83.1711854755200619 -67.7437465482691863
 83.1850169845589278 -67.7526938656717306
 83.1271934240293291 -67.7385637096798234
 83.1493577303255194 -67.7420918980814548
 83.1386560231852343 -67.7447960554957689
 83.1368977570863308 -67.7246371205467170
 83.1696301284015078 -67.7539062497401829
 83.1492338717206962 -67.7248039334045444
 83.1574957253725842 -67.7487849812553975
 83.1792415544803987 -67.7383430866031659
 83.1668894576215081 -67.7280644898072239
 83.1541426376842736 -67.7261338061782681
 83.1283830585816048 -67.7469544472638034
 83.1693182520074856 -67.7523242046649585
 83.1283788109751498 -67.7363690310282038
 83.1319051786682337 -67.7285538543034278
 83.1556774928829299 -67.7556932173224880
 83.1263181875772403 -67.7391451841724432
 83.1299315600016371 -67.7463310474682885
 83.1695609536693894 -67.7383016896438335
 83.1341351193657374 -67.7501064646940421
 83.1604335731821891 -67.7490589439053679
 83.1498606210679441 -67.7345658668762098
 83.1619577300769492 -67.7468913836666786
 83.1735234542652790 -67.7503264001565384
 83.1669576216408615 -67.7465398092017779
 83.1251902652047221 -67.7276420847620244
 83.1599701869881613 -67.7585626114298805
 83.1779390768322884 -67.7547557932800544
 83.1322441464879631 -67.7382678923951005
 83.1377297071364865 -67.7426176174531776
 83.1481428787948857 -67.7202128343912904
 83.1603115415602474 -67.7307844517656008
 83.1540484551200763 -67.7507038163417832
 83.1193349791546154 -67.7262335221111869
 83.1478699031561206 -67.7318438361066910
 83.1876366644830938 -67.7536302623435915
 83.1290252391170981 -67.7301691152903231
 83.1433714692985291 -67.7256083361117618
 83.1163937297636011 -67.7263866097268021
 83.1557679048279823 -67.7532476161515973
 83.1900696696447852 -67.7543678910598715
 83.1554044401390087 -67.7530028460581804
 83.1371719731586012 -67.7474927654694739
 83.1542460187962860 -67.7464183621540172
 83.1442815787135316 -67.7372814595514541
 83.1211025876079788 -67.7423559768531192
 83.1636122564141260 -67.7557335653004458
 83.1604468218396562 -67.7531113529721409
 83.1523054249090308 -67.7257774337981004
 83.1827825917335133 -67.7556115099287979
 83.1387625540642858 -67.7281081828561327
 83.1710969410249419 -67.7622662278611472
 83.1710760438958516 -67.7356185427537696
 83.1338058792768351 -67.7246559494725773
 83.1450125751864277 -67.7502233722153733
 83.1826322541997456 -67.7453484127817376
 83.1905084421246954 -67.7536466735657399
 83.1591380914170344 -67.7322571656424941
 83.1792072308881956 -67.7496932921951043
 83.1319088443436982 -67.7505567656694723
 83.1379851915007464 -67.7392192812984604
 83.1721816976096875 -67.7541917152561126
 83.1523761503444518 -67.7293689906782674
 83.1709028141966087 -67.7624565461085808
 83.1677921926533656 -67.7443760299771611
 83.1513944060457533 -67.7427554371943046
 83.1659796718501383 -67.7277022254479988
 83.1224269660879855 -67.7415072653142971
 83.1721928989185244 -67.7360660605915541
 83.1607754664955365 -67.7194608665005973
 83.1433107872024380 -67.7583258568788125
 83.1231806543155329 -67.7313795254186886
 83.1692783371705957 -67.7358826481711986
 83.1621843518554726 -67.7315710373376589
 83.1462468553471297 -67.7452170324208964
 83.1405591078727042 -67.7539326871622336
 83.1271884568940607 -67.7341949731210349
 83.1945226714171184 -67.7584119487456888
 83.1680646249144218 -67.7313610291216293
 83.1689504209124664 -67.7621219029179542
 83.1554266311971588 -67.7279994770589013
 83.1499101316842797 -67.7416831686733047
 83.1513832908079991 -67.7344290703401128
 83.1248294868116631 -67.7225699802221328
 83.1704127540496359 -67.7531678817561982
 83.1729678688370058 -67.7528302077774640
 83.1375450229266875 -67.7426604776416497
 83.1642909349774442 -67.7627266310298921
 83.1529487075218725 -67.7191848388256119
 83.1829699772813740 -67.7504530186165539
 83.1869719193582142 -67.7557953391805512
 83.1724523971729042 -67.7488697678075056
 83.1430042552589015 -67.7473452767250421
 83.1222441220341466 -67.7293136746018547
 83.1643352330154642 -67.7565200915721277
 83.1292562675437381 -67.7341697465859056
 83.1639880061936765 -67.7480267158987886
 83.1362586079527688 -67.7365637829207259
 83.1383668795528337 -67.7270626230555735
 83.1618580272487264 -67.7439827280401801
 83.1937634316892911 -67.7571929891246896
 83.1242502604908253 -67.7249598019843404
 83.1681617747956494 -67.7623748556591607
 83.1496521318786534 -67.7240897500500267
 83.1266381541230999 -67.7482506784344451
 83.1774574456361648 -67.7447400636592079
 83.1769009826390118 -67.7393442053031691
 83.1366243252172268 -67.7552923649214307
 83.1394280350380797 -67.7208617628994460
 83.1774461006787931 -67.7525399425112340
 83.1472377362196369 -67.7622016108362146
 83.1591950767985395 -67.7526122711684593
 83.1381275907362323 -67.7230347981868022
 83.1291811141140471 -67.7400743810015342
 83.1720182988580774 -67.7448772474840979
 83.1619791547314406 -67.7379083511343225
