jwst/tweakreg/tests/data/wfc3_uvis2.ecsv
# %ECSV 1.0
# ---
# datatype:
# - {name: x, datatype: float64}
# - {name: y, datatype: float64}
# schema: astropy-2.0
x y
 3260.41    22.34
 1945.11   142.84
 4047.45   649.92
 2435.10  1345.94
 2974.92  1180.29
  989.43    11.03
 2612.96   681.52
 3925.32   368.13
 1052.87   537.10
 3992.52   507.03
 2682.05   516.01
 3329.37   976.91
  108.01    70.94
 2212.38   892.06
 1412.59   547.82
 3564.30   418.72
 1640.41   794.59
    8.50   871.75
 3539.57   572.82
 3448.41  1661.24
 1973.47  1696.54
 1094.97    66.04
  401.60    96.04
   21.56  1839.91
  928.96   550.22
 3316.94  1284.65
 2785.06   846.46
 1302.02  1476.83
 2411.63   903.24
 1350.17  1513.43
 3769.55  1295.48
 3597.66  1706.08
 2358.29   342.27
  107.51   616.46
 3850.25   512.95
 2713.27  1628.74
 3398.37   978.70
 3858.08  1704.41
 2017.13   192.55
  145.92  1678.08
 3496.25   111.55
 2887.57  1017.27
  880.68  1095.30
 2527.29  1141.48
 2313.18   302.48
 1756.34  1523.59
  887.81  1136.22
 2937.54    18.74
 2114.77   424.05
  514.30  1601.10
 1647.34  2018.30
  943.53   882.03
 1049.16   231.18
  626.83   375.74
  594.12  1946.94
 1971.04   109.45
  646.39   106.38
 2083.77   815.45
    3.25   703.77
 3582.72   805.94
 2894.09  1246.40
 2773.15   835.40
 3395.54   445.97
  675.66  1359.07
 3529.59   585.88
 1723.38  1266.67
 3606.61   645.61
 2139.21   306.91
 3746.61   973.46
  416.12  1678.92
 1487.54   962.13
 3357.77   339.35
 2513.04  1398.56
  856.72   220.77
  784.87   768.79
  769.48   164.52
 3581.90  1173.56
 1513.49  1238.19
 3084.14  2023.07
 3158.54   960.28
 3039.95  1758.80
 1123.06  1403.92
 2331.70  1063.97
 1531.62  1188.74
  412.55   455.65
 1049.64  1838.42
 2068.72  2015.10
 3408.91   849.23
 2939.70   767.51
 2934.54   743.25
 3440.13   319.38
 1849.12  1848.22
 3810.88   304.73
 1658.43   173.16
 2580.92  2020.99
 1458.99   135.79
 3393.30   738.61
 3990.75  1136.98
 1871.42  1018.30
  317.65    26.68
  311.84  1200.75
  400.75  1422.28
  200.94  2011.41
 2067.68   543.43
 2818.94   206.29
 1076.79  1886.53
 1216.44  1326.29
 3878.52   867.66
 2890.41   599.09
 1202.10   730.09
  403.06   945.59
 1886.03   582.59
 3330.99   675.25
 2750.27  1713.92
 2740.24    42.34
 3447.46   483.36
 1490.83   935.70
 1085.79   248.88
  919.15  1697.40
  605.93  1137.81
  226.09  1934.66
 3417.21  1719.36
 2789.14  1929.07
 3461.21  1285.05
 3603.33  1969.68
 1607.86  1793.88
 1692.94  1715.34
 3767.45    18.71
 2006.33  1857.97
 2464.82   203.44
 3946.74   190.08
  969.45     2.39
 2430.68    15.42
 1816.51   351.37
  873.62   630.34
  359.12  1600.17
  392.63  1167.50
 3378.43   665.90
 3422.35   281.20
  645.87  1421.25
 3425.20  1452.26
 1319.95   182.74
 2978.26   264.91
 2227.17  1396.63
 1522.44   596.02
 3277.31  1948.55
 2952.89  1814.92
 3614.52   617.38
  602.91  1145.34
 4087.03    97.59
 3404.02   285.22
 2998.03  1477.02
 2408.29   396.12
 1770.42  1662.13
 2950.62   123.95
 1239.09  1103.61
  321.71   786.78
 3814.04   632.45
  886.50  2023.54
  793.38   282.38
  627.25   803.55
  119.44  1641.43
 1159.05  1020.78
 2315.04  1549.17
 1828.41   415.13
 4056.90  1270.65
 1189.63   340.60
  361.74   279.35
 3044.98  1400.97
 3567.27  1576.75
 2208.87   168.47
 1047.62   495.14
 2197.50    71.99
 2260.10  1184.91
 3016.06    54.49
 3923.50   335.95
 3559.42   269.09
 3924.31   818.82
  727.70  1954.14
 1046.80  1986.71
 3570.61   844.90
  348.63   663.41
 2086.44   112.35
   84.46   315.03
 3193.48   328.76
 1730.42   742.78
 3106.44  1604.17
 2017.08  1004.34
 1190.00   629.94
 4088.85  1942.37
 1640.27  1215.11
 1576.55    74.87
 3792.95  1740.91
 2477.93  1956.68
 3170.30     1.90
  836.68  1568.67
 1352.89   523.04
  525.46  1241.10
 3497.83   941.23
 2320.50  1794.00
  655.45  1565.92
 1900.22   929.83
 3090.67  1238.90
  504.13   724.29
 1361.86   201.19
  242.98   997.96
   62.02   912.25
  296.54  1581.77
 1867.50  1358.43
 2943.74  1615.22
  808.72  1685.01
 3598.94   514.43
 2296.01  1086.21
 1373.89  1241.51
  251.42  1845.34
 2369.18  1716.83
 2707.79  1497.82
 1582.59  1378.75
  105.01   347.80
 1021.86  1867.23
 2189.09   996.06
 1293.00  1274.47
  876.90  1005.93
 2080.66  1007.27
 1283.10  1314.58
  559.13  1355.57
 3527.12  1538.01
 2645.21  1940.05
  672.91   609.49
 2544.02   625.46
 2927.07   447.88
 1464.82  1699.44
 3998.83  1352.89
 3467.39   279.61
 1278.83   543.12
 2337.05  1186.68
  867.57  1468.86
 3986.44  1377.63
 2757.20   614.58
  394.22  1047.96
 1148.81   235.10
 1616.64   799.30
 1227.59  1829.05
  166.22  1830.01
 2654.46   204.93
 3558.91  1793.10
 2959.27   732.09
 1805.23  1712.73
 1962.86  1999.73
 3513.64  1715.50
 2212.02  1483.55
 2390.63  1721.14
  999.64  1861.35
  968.23  1597.25
 1110.19   379.41
 2329.76  1443.69
 2138.00     2.22
  132.81  1539.80
 2151.99  1555.94
   50.49  1741.29
  283.03  1663.42
 1312.22   206.09
 2318.99  1724.20
 3875.58   353.59
 1361.38   702.71
  253.86   582.54
 1659.75  1054.38
 1301.97  1574.41
 2127.58    96.36
  815.73   357.72
 2370.83  1568.68
 3056.73    29.63
 1015.64   810.01
  849.62   836.88
  743.49  1485.34
  403.55   289.57
 1425.68  1084.29
 1398.82  1041.66
 2958.12  1057.17
  321.24   839.40
  319.45   217.06
 1863.04  1291.78
 1204.39  1866.00
 1318.38   943.95
 2542.33   985.06
 3075.24   527.91
 2810.68   269.85
  380.01    97.07
 1643.96   414.05
  183.84  1562.36
 2737.36   553.88
 3735.61   370.51
 2298.33   981.32
 3087.95  1459.63
 2328.07  1927.06
 3174.50   528.73
 2919.73   906.64
 2487.10  1743.76
 2546.11   999.11
   37.98  1755.94
 3819.98  1518.76
   94.55   573.69
 3563.57  1746.91
 3401.76   464.11
 2140.13   620.93
 3782.65  1953.05
 2393.72  1060.02
  378.63  1070.08
 3879.80  1990.67
 1004.66   912.83
 2458.49   112.79
 3936.47    25.75
 3661.34  1511.72
 3360.58   919.24
 2494.58   573.81
 3056.35   141.50
 1056.94  1034.76
 3632.63   406.64
 1539.61  1146.18
 3281.29     2.96
 3148.42  1154.50
 3280.71  1041.44
 1653.76   378.35
  771.50   126.64
 1221.71  1725.26
 2820.18  1301.90
  229.77   969.89
 2419.50  1896.21
  981.02  1559.90
 1293.22  1059.85
  541.78  2029.68
 2537.04   310.75
 3959.79  1540.51
 3847.36  1016.54
 1979.92   987.77
  691.44   469.26
  752.11   292.03
 3900.00  1670.00
  712.61  2035.90
 3821.09  1275.91
   26.95   227.31
 2918.13  1546.53
 2098.11   440.81
 3794.66  1306.83
 2342.41  1989.48
 2065.44  1889.79
 3486.20   173.92
 2392.64   415.34
 1165.24  1451.93
 2342.94  1325.21
 3905.12  1513.38
 3046.46   582.56
  749.09   514.87
  729.75    14.77
 2119.07  1749.21
 1215.79  1233.24
 1623.95   648.71
 2140.60  1481.92
 3470.46  1289.80
 1097.54  1381.75
 2234.41  1982.64
 3460.17   762.29
  295.15   807.14
  905.66   421.28
 2281.87   671.61
 1386.26   727.98
 3709.91  1428.26
 3666.13  1635.74
  944.99  1671.91
 3913.58   700.88
  418.01   257.33
 1104.25   747.96
 2950.25  1092.85
 1669.13  1898.21
   81.49   536.52
 2747.53   547.96
 3092.86   172.04
 1388.01  1639.70
 1879.78  1117.66
  388.38  1089.77
  851.48   822.55
 1540.42   948.62
  616.71  1035.09
 1567.64   321.82
 4013.80  1376.86
 2434.87   933.47
 3224.57  1246.76
  840.47   290.56
 2785.45   213.14
 2500.19  1075.83
  624.46  2041.64
 1308.08   760.05
 3325.40  1370.97
  696.30   924.25
 1420.80  1578.76
 2889.18   222.58
 4078.07  1883.92
 2279.72  1332.26
 2734.56   353.58
 2555.71   516.02
 3443.29  1503.88
  687.20   680.12
 2776.59  1000.26
 1578.38   944.45
  831.21   743.92
 3357.49  1041.61
 2449.52   442.12
 3379.10   280.49
 1397.35  1706.96
 2005.10  1096.59
 2077.93  1530.62
  375.93   946.84
 3264.92   814.76
  567.53   550.26
 2673.28  1044.95
 2117.00    10.35
 1091.46    81.58
  748.70   433.16
 2111.76  1934.20
 3130.36   774.69
 1231.55  1598.50
  630.76  1234.67
 3217.83  1322.75
 1433.27  1754.04
 2081.91  1863.87
 1976.99   321.43
 2454.36  1846.28
 2737.07   958.47
 1388.09   840.96
 2579.52   840.35
 3024.52   575.59
 2620.64   667.45
  457.92  1425.25
 3513.88  1274.49
 3450.22   573.68
 1444.74  1532.54
 1884.09  1491.69
  169.25   439.20
 1223.22   381.33
 2783.42  1217.55
  255.61  1572.25
 1133.59   819.02
 3492.30   225.98
  724.08  1380.22
  550.19   766.73
  225.87  1673.61
 3017.42  1242.39
 3586.51   171.22
 2992.15  1246.42
 2280.55  1664.48
 2432.10  1075.24
 1534.14  1108.79
 1626.23  2026.57
 3331.61  1067.12
 3071.50  1086.50
  692.69   481.47
 3587.63   444.86
  692.21   996.63
 3972.24  1032.00
 1776.58   187.05
  332.88  1048.39
 2616.99  1495.77
 2741.98   123.99
 3533.44   134.26
 1328.66   466.30
 3051.68   372.27
 2460.33  1933.16
 1605.54  1375.46
 3323.89   741.44
  992.34   593.70
 3985.18  1044.28
 2453.80   571.75
 2088.84  1051.51
 1048.42    99.46
 1574.44  1956.30
 1829.39   165.23
  288.94     4.84
 3262.64  1807.49
  741.06  1609.97
 1772.97   253.55
 1315.15   345.72
 2220.02  1296.91
 2861.28  1758.09
 1033.40  1568.33
 3979.32   156.50
 1381.45   148.71
 3930.77  1096.72
  922.19   450.98
 1979.05  1065.66
 1398.42   787.13
   28.69  1275.49
 3215.05   766.09
 3222.83   672.92
 1885.03  1499.07
 3916.09  1266.36
  152.99   250.08
 3166.56   275.24
 3660.70   315.98
 2889.62   563.93
 2350.55  1469.88
  555.08  1574.93
 3406.40  1068.64
 1060.91  1499.92
 2701.69   810.68
 1360.24  1347.38
  599.38   976.22
 2337.88   751.22
 3869.06   142.23
  220.18  1370.61
 3940.65  1130.18
  514.08   513.87
 2194.70  2032.27
 2619.43   271.34
 2166.64   117.67
 2918.61  1929.23
   97.37   743.85
 3261.26   519.32
 3636.84  1802.31
 3012.88  1111.22
  259.97   855.61
 1551.37  1689.95
 2554.48   451.16
 1837.24   554.18
 2016.27   544.44
 1408.30  2048.71
 1409.67  1563.94
 3877.07  1672.32
 1143.76  1463.09
  333.65   753.94
 1099.32  2030.84
 1743.16  1128.04
 2849.43   111.01
 3833.36   371.48
 3560.03   186.56
 2656.13   389.32
 3292.24  2047.40
  803.26  1798.68
  801.23   639.00
  646.22  1541.69
  156.79  1260.62
 1611.27    84.87
 1804.00   687.91
 2914.15  1845.77
 2248.85   164.76
 3097.77  1300.21
  936.74   470.44
 2945.85  1137.32
 2381.99  1845.37
 2375.77   606.36
 2734.58   659.07
 1451.31   627.07
  542.32  1830.67
 3512.54  2032.40
 2725.33   704.54
  180.64   461.11
 1616.68  1461.11
 3838.30  1899.81
 1154.68   841.54
 2390.97   340.16
 2227.38   527.20
 2007.55  2002.40
 1432.09  1098.09
 2484.44  1363.87
 1531.32   733.71
 2241.28   438.68
 3901.89   749.22
 1074.26   615.92
 2893.01   869.36
 3444.79  1514.49
 2157.40   283.71
  905.59  1328.90
  958.87  1044.40
 2176.27  1502.63
  931.62   584.20
 1720.47  1373.68
 2183.94   629.42
  487.96   702.85
 2803.32  1491.97
  120.15   521.33
 2365.92   328.91
  439.29  1285.25
 3117.54   695.36
  277.61  1043.60
 2623.55   795.96
 3692.50  1295.05
 1598.15  1578.61
 3667.29   914.67
 2647.80  1560.49
 1457.17   675.26
 3244.97  1911.81
 3002.43    73.15
 2776.21  1620.11
 2245.42   173.57
 3279.62   416.94
 3238.94  1214.58
 3861.63   659.03
  546.75  1793.84
 1026.74   396.13
 3201.39  1565.49
 1870.35   603.77
 1287.83   395.79
 2788.49  1729.33
 1896.50   957.68
 3598.53  2033.58
 3329.05  1156.37
 2435.31  1803.98
  276.79   260.05
 3073.24  1877.58
 2096.65   793.58
 2581.36  1328.23
 3096.55   401.71
 1877.84  1255.21
  628.08  1865.62
 2061.82  1701.69
 2896.39   399.61
 1234.55  1051.40
  455.61   249.60
 2120.70  1536.85
   33.12   625.60
 3782.89  1476.38
 3504.54  1694.31
 2613.07   271.28
 3572.23  1763.00
 1936.74   658.20
 1183.09  1283.15
 1736.36   930.14
 1993.93   192.53
 1268.05   257.76
 1579.65   659.03
 3041.88   804.85
 1633.30   159.08
 1516.07   346.94
 2269.93  1587.52
 3440.82   238.53
 3968.46   398.74
 1145.36   478.87
 3079.59   610.97
 2672.10   472.19
 1852.65  1965.61
  411.89  1546.27
 2211.52   221.05
 2960.98   679.40
  621.67   595.91
 2785.06   859.12
 3410.07   584.77
 1718.72  1000.35
 1109.11  1837.73
 2703.32   184.73
  667.49   424.44
  755.81   634.50
  641.83   938.59
 4018.32    11.69
  536.90  1482.52
 3729.63  1887.01
 1918.57  1664.77
 2966.30  1531.87
 4085.97  2014.62
 1424.44   973.29
 1984.65  1707.11
 3276.79  1687.06
 1863.19  1071.01
 2281.13  1136.39
  974.03  1004.35
 1163.17  1580.79
 1705.05   717.94
 1861.32   989.58
 1077.84  1615.32
 1348.65   129.65
 1731.16  1551.97
 1929.75  1004.03
  627.56   881.19
 3874.12  1859.61
 3285.19  1285.54
  421.60   703.15
 2490.51  1270.65
  790.61   184.31
 1014.92  1966.53
 1707.55   100.72
 3662.82  1284.22
 3021.74  1908.49
 2641.73   166.58
  230.14  1708.51
  867.22   715.23
 3172.39  1874.04
  834.82  1652.36
  834.84   686.88
 1122.04  1243.59
  462.09  1607.07
 3558.73  1705.37
 2026.99  1987.52
   17.56   960.35
 2852.38   248.79
 3789.37  1846.82
  179.92   351.30
  231.20   547.17
 2154.23     2.34
 1090.85   426.78
 2651.28  1470.40
 3089.27  1372.36
  113.52    42.59
 2843.51  1152.56
  854.15   628.80
  229.38  1495.92
 1073.78  1809.45
  780.96  1009.45
  564.22   886.46
 2857.24  1074.37
 2555.53   131.81
 1208.54   508.36
 3873.01  1612.35
 2049.20   667.58
 2540.29   518.72
  582.22  1885.94
  612.24  1244.53
 1386.06   730.76
 2957.73   111.52
 3268.95   116.49
 1865.02   688.00
  644.60   769.57
 3197.75   528.86
 2484.78  1390.73
 3476.00   672.09
 1869.45   463.80
 2270.11   644.62
 4010.81  1523.56
 3776.27  1914.84
  701.07   278.36
   36.44  1511.30
  408.58  1975.88
 1702.99   193.64
 2140.07  1704.47
 3398.52   778.88
 3846.04   999.44
  995.14   142.97
 1168.51  1969.43
 1237.55   603.13
 2914.45   509.84
  457.31  1130.71
  753.52  1325.93
 2962.28    61.78
 3003.50   331.72
  530.87  1916.55
 2483.30   925.22
 1391.06   615.48
 2641.78   784.60
 2765.83   780.09
  307.45   155.54
 3480.50   751.47
   66.44   325.51
 3543.94  1371.78
 1810.03   201.03
 1840.06  1854.89
 3932.59   465.12
 1638.84   805.24
  421.62  1052.55
 2112.95  1158.74
 2455.10  1689.80
 3711.28  1910.39
 2080.00  1527.32
 1229.91   775.96
   14.81   529.34
  402.20  2020.16
 2226.20  1279.15
 3791.25  1620.55
 1025.27    92.03
  991.68   888.15
 4056.99   542.66
 2418.65  1671.23
  897.34  1387.61
 3429.32   348.10
 1051.13   403.08
 1575.26   864.68
  253.42   502.28
 2213.44   256.65
 1692.45    43.70
 1633.96  1278.45
  901.03   700.32
  704.26   309.29
  824.51     1.92
 3379.55  1538.87
  370.72    12.47
 1233.42    25.95
  386.33  1354.75
 1771.81   758.56
 1971.97   547.14
 3412.72   539.86
  372.71  1708.55
 1009.08  1868.54
 2163.60   931.93
 1913.93  1660.37
  327.13   330.97
 3273.07   163.76
  301.97   757.15
 3367.34  1130.23
 3511.32     4.65
 3291.48   549.68
  668.66  1283.15
 2306.90    10.28
 2052.40    46.13
 2826.37  1027.14
 2219.59  1656.88
 2581.63   702.46
 1398.98  1105.36
  453.55   821.79
  487.06   392.98
 2244.02  1143.39
 1894.48   998.76
 3513.99  1431.82
 2987.40   815.62
 2167.04   443.36
 2902.94  1186.68
 3015.16   233.07
 1254.44  1648.64
 2678.81   798.82
 2701.67    44.84
 1639.05   958.29
 3604.73  1637.84
 3191.50  1848.46
  791.97   312.97
 3037.95   889.05
 2710.46   427.85
  102.20  1693.00
  573.27  1579.24
 1582.84   780.04
 3549.16   133.37
 1297.39  1193.38
 1753.10   309.91
  968.59  1023.86
  181.95   709.81
  380.82   323.45
 3627.80  1772.65
 3737.14   412.58
 1196.61   549.59
 3392.12  1432.34
 1179.98   987.33
 1799.18   211.77
 2221.38   654.02
 2589.21   762.28
 3460.67  1165.74
 2297.14  1352.08
 1291.54  1332.11
 1716.32  1490.83
 3452.86  1934.00
 3163.91   557.53
 1438.61  1069.43
 3253.90  1621.49
 1568.84  1179.44
 2945.03   171.94
 3580.69  1701.36
 3153.79  1326.34
 2979.88  1876.77
 4040.76  1248.99
 2074.77  1568.32
 3089.16  1980.55
 2022.46   769.25
 1897.60  2010.53
 1357.42   402.05
 2071.30   645.53
  720.62  1581.11
   51.06  1842.03
 1004.27  1766.63
 3148.17  1011.98
 3931.87  1026.99
 1406.00  1223.49
 3235.40   971.53
 2275.86  1076.97
 3912.68  1020.31
 2706.80    36.37
 2405.72  1758.38
  372.58   457.91
  404.43  1746.76
 4068.19   392.33
 2804.46   721.19
 1250.80  1475.52
  329.85   346.33
 3118.24   868.63
 1880.96   145.64
 1715.36  1788.18
 1040.49  1457.76
  834.99   221.73
 1559.52  1942.93
 1369.16    57.05
 3595.40   421.72
 2361.41   912.50
 1383.77   766.15
 2237.36   871.15
 3999.44  1744.03
  555.39   174.10
 3909.29  1553.13
 2698.45   375.03
  852.31  1829.32
 3840.65  1455.06
 2387.53   921.57
  529.70  1636.32
 3979.02   896.91
 3055.78   948.97
 1715.63    16.73
 1021.14   245.28
 3378.46  1006.53
 3985.03   687.18
  440.01  1699.82
 2204.30   503.50
 2072.25  1857.94
  466.57  1249.06
 1629.62   964.56
 2306.24  1381.32
 3600.10   408.79
  659.44   530.85
 2446.72  1795.51
  826.40   271.78
  986.41  1386.78
 2666.26  1267.94
  577.01  1641.04
 2717.50  1483.35
 2388.99  1574.99
 3558.08   666.49
 2818.05  2002.09
 1734.34  1839.96
  171.01  1001.36
 1598.11  1205.85
 1652.19     5.64
 3816.80  1480.57
  612.84  1450.88
  675.04   260.30
 2583.76   402.99
 1439.01    58.17
 3246.99  1523.26
 3200.83    34.92
 1859.13   142.34
 1800.87  1382.08
 1781.98   535.24
 3018.02   527.07
 3423.52  1720.03
 1140.21   390.13
  800.13   311.11
 3607.67   516.71
 1356.45   592.50
 2267.79   746.87
 1551.56  1182.88
 1415.64   870.59
  466.75   925.42
  326.06  1345.76
 3440.67  1859.35
 3957.93    33.67
  690.83   916.96
 2599.39  1604.07
 1128.98  1795.60
  315.12   931.24
 3643.74   499.13
  332.10  2024.01
 3831.34   707.74
 3919.55  1681.99
 1815.81  1547.18
 3526.53  1238.77
 4091.30  1231.09
  856.33  1257.94
 3001.27  1511.18
 3344.43   953.81
 1739.06  1384.12
 3117.18  1292.63
 4051.48   345.20
 3617.62   252.21
 1866.66  1213.07
 2918.89   133.33
 3289.72    51.62
  709.22  1530.10
 1849.05   311.58
  706.57  1463.46
 2595.99  1615.96
  113.96   900.39
 2498.07   690.45
 3611.60   118.40
  704.33  1216.91
 3564.41   435.02
  780.00   503.58
 3934.64  1941.78
 1474.30   125.19
 3127.90   299.60
   90.85  1700.55
 1615.27  1717.32
 3017.73  1715.18
 3628.74   435.84
 3015.98   323.57
 2514.43   348.89
 1258.18  1761.18
 3480.05  1710.72
 1064.18    71.70
 3918.85  1303.74
 3899.36  1233.92
  512.09  1965.51
 3351.34  1039.61
 3535.97  1897.84
  112.22  1643.48
 1874.63   389.84
 2830.98  1809.31
 2765.20  1645.38
 3904.03   314.66
 2749.92   799.04
  921.39  1033.42
 2113.84  1982.84
