jwst/tweakreg/tests/data/wfc3_uvis1.ecsv
# %ECSV 1.0
# ---
# datatype:
# - {name: x, datatype: float64}
# - {name: y, datatype: float64}
# schema: astropy-2.0
x y
 2871.96  1750.35
 1555.20  1914.41
 2846.24   444.60
 2689.38   510.51
 2292.27  1934.68
  602.59   981.21
 3438.54   569.41
 2847.54  1354.77
   20.46   830.43
 3050.26   320.85
  663.04  1320.20
 2287.48  1057.35
 4047.12   405.84
 1449.91  1752.51
 1671.83  1447.86
 3079.08   646.38
  318.78   520.29
 2061.74  1231.11
 2976.45    48.36
 2033.44  1962.57
  212.83  1952.00
 2448.99  1989.90
 2469.72  1193.83
 3170.49   821.11
 2497.47  1789.70
 3066.54   617.96
  482.47  1301.45
 4031.47   497.33
  153.22  1622.45
 3974.29  1119.50
 3990.23  1827.08
 1172.08  1974.71
 1747.37  1320.87
 3475.48  2048.69
 1422.61  1450.37
 1254.20  1079.38
 1097.29   721.94
 1751.85   596.75
 3175.34  1959.48
  296.55  1280.61
 3343.84   773.13
 2024.22  1842.00
 3740.43   824.77
 1286.48  1970.62
 3867.10  1869.54
 2198.47   549.46
  978.63  1906.33
 2415.27  1397.10
 3141.07   297.73
 1873.30  1240.45
 3430.24  1642.93
 2604.04    19.46
 1844.84  1577.73
  402.25  1484.05
 1784.90  1436.35
 2804.71  1729.19
 2535.54   643.10
 2526.53  1828.65
 3311.22  1388.14
 1814.87   690.57
 3454.84   175.76
  991.20   109.98
  236.97  1537.09
  487.62   459.19
  945.91   815.27
 2901.20   214.42
 2897.31  1145.64
  611.81  1205.37
 1814.99  1906.85
 1140.91  1872.05
 1716.32  1531.89
 2097.82    81.11
 2419.45  1923.84
 3434.91  1769.95
 4078.98   191.26
 3884.27  1005.37
  756.89   982.15
 1466.31  1046.37
 3743.99  1552.32
  134.56  1473.06
 3745.98  1373.09
  936.34   254.11
 1207.18  1147.46
  613.92  1870.83
 3102.97  1937.35
 3013.75   147.40
 1231.32   165.35
  388.50  1900.46
 1889.26   789.98
 2864.10  1940.52
 2822.72   241.44
  298.54   820.11
 3404.87   605.90
 3827.11  1832.93
  282.07   911.90
  139.50   111.03
 1609.20  1541.89
   63.96   210.75
 3681.83  1477.67
 1280.82    92.98
 3029.57   911.64
 1879.02  1477.25
  416.00   778.88
  588.67   569.57
 2202.08  1692.53
 3211.87  1667.07
   91.76   705.75
 1433.79  1961.87
  657.30   452.98
 1488.56   224.30
  882.63   590.58
 2636.14   738.05
 1527.20   180.29
 1931.07    74.93
 2073.96   529.65
 3375.12    73.07
 3821.22   377.59
 2853.42   476.93
 2655.54   561.94
 2253.47   264.00
  913.54    78.67
   97.09   333.57
  118.08   889.37
  672.70   854.16
 4075.82   720.04
 1969.26   856.48
 3809.63  1757.35
 1984.65  1885.54
 1781.48  1586.59
 2686.90   319.54
 2736.02   359.59
 2549.54   655.48
 3652.19  1908.02
 1810.90  1787.16
 2684.51  1744.92
 3270.76  1009.04
 3673.31   739.65
  932.41  1503.05
 2671.21  1136.38
 2169.99   553.66
  917.69  1018.68
  891.49   785.97
 3392.87    30.21
  308.67   847.43
 3800.94  1898.58
  900.40    49.11
 1201.44  2028.04
 1968.92   476.11
  414.04   924.58
 2189.63  1598.85
 3884.39   704.57
 2314.35  1545.19
 3726.03   748.95
  594.77  1314.59
  966.35  1844.95
 3117.81   176.02
 2967.12   481.31
 2310.80  1706.35
 2677.53   430.92
 1935.25  1220.42
 3625.06   786.96
 1679.11  1659.00
 1470.55   779.21
  669.76  1399.82
 3929.58  1313.18
 2013.03   442.17
 3567.88  1107.61
 2412.35  1591.33
  683.27   392.31
 3725.58   152.21
  329.27  1476.20
  440.23  1668.89
 2549.78  1345.09
  803.64   754.23
  878.66  1516.89
  690.90  1516.27
 1421.03   500.09
 1272.76  1097.87
  417.56   296.90
  595.17  1669.59
 3307.77   182.89
 1743.77   763.57
 2173.81  2023.73
 3747.15   732.88
 2779.02  1434.64
 3519.29   301.81
 2877.00   136.42
  242.00   787.46
 1388.67   674.84
 3636.38   555.76
  592.20  1911.46
  119.07   322.43
 1903.26  1533.40
 2138.69   517.71
 2987.24   222.51
 3813.14   439.36
 3462.02   906.51
 2527.91  1317.58
 1426.96  1568.37
  882.59    18.27
 3814.74   930.15
 1400.51   735.04
   50.00   274.22
 1296.87   672.04
 3565.62  1452.91
 3697.59   869.84
 2010.66   414.31
 2730.18  1381.07
 1940.58   790.66
 2825.28   520.02
 2397.77  1427.41
 2450.86  1646.72
 2663.96  1668.24
 2102.99   365.72
 2737.79   961.77
  774.86  1020.03
 1034.37  1357.05
 3773.22   247.66
 3274.75  1331.27
  314.13  1872.67
  475.27   949.98
 3948.58   572.21
 2087.19   323.51
 2794.71  1676.58
 1262.33   755.99
 4057.80  1948.04
  279.23    95.08
 3357.91  1733.37
 1729.58   299.96
 3985.40  1963.65
 1434.32  1726.14
 2659.58   257.88
 1703.73  1746.83
 1982.91  1048.22
 2650.48  1825.41
  133.01  1509.61
 2038.85  1909.50
 3347.82   354.79
 1027.48  2033.65
  464.53   987.17
 3600.50   374.55
  406.38  1175.49
 3721.90  1130.99
 3366.86  1633.41
  119.72   414.38
 3432.28  1963.77
 2909.93  1451.45
 1735.26  1694.58
 1001.35  1454.10
  814.99  1183.04
  491.04   646.05
 3769.79   841.28
 2944.02   698.22
 1963.38  1226.00
 1742.05  1922.81
 2119.17   862.64
 3741.94   102.25
 1409.13    31.55
  945.52  1858.94
  600.31  1391.14
 3218.09  1519.76
 3442.91  1275.82
 1442.30   272.92
 3283.80   901.32
 1943.90  1804.85
 2749.81   371.98
 2404.14  1971.77
 3855.96  1278.94
 2452.47  1562.14
 1047.93   563.25
 1798.29   929.60
 3061.51  1881.17
 3598.03  1865.67
 2813.18     8.97
   15.85   134.80
  674.91  1090.83
  208.76  1266.32
 1389.29   951.65
 1494.93   864.36
 1347.40  1479.39
  622.69  1173.12
 3844.68   671.46
 3513.98   379.05
 3951.82   352.43
  246.06  2037.47
  767.34   358.87
  964.78   355.51
  749.71   968.36
  422.11  1300.50
 3901.49  1640.23
  191.96    82.98
 2466.87  1486.79
 1905.51  1531.03
   17.35  1147.13
  153.58   897.02
 1883.82  1024.69
  590.99  1319.85
 3435.02   112.67
 2854.72   618.75
 2086.55   130.64
 2385.58  1939.22
  415.62  1229.59
 1872.49     2.96
  945.34  1217.76
 1035.02  1399.25
 3680.44  1838.90
 1318.42  1853.65
 2145.68   584.25
  308.72   192.35
 1183.36  1696.54
  434.52  1732.42
 3786.73   723.01
  180.49  1055.64
 2536.09  1212.57
 1948.74   640.39
 3428.29   980.03
 3657.28   224.05
  955.73  1438.19
 3217.04   509.50
 3646.76   405.23
 2288.10  1777.07
 4044.90    52.38
 1523.77  1686.07
 2972.01  1905.24
 2123.58   844.44
 1916.02   438.12
 3985.43  2012.72
 1729.02  1079.42
  914.53   130.17
 2525.74   728.47
 2011.55   194.47
 3343.05  1919.84
 1486.08  1142.27
  980.38  1552.02
 3886.20  1695.71
 3295.87   778.43
  490.01   458.91
 1359.75  1428.69
 3072.04  1422.93
 3924.58  1633.76
 2359.55  1946.19
  697.81  1749.52
 2999.25   930.58
 1152.34  1865.21
 3744.89  1867.01
 2754.10  1102.57
  203.83    15.50
 2163.03  1038.97
 3064.97  1808.71
  754.65   295.40
 2604.27   566.94
 1736.33   172.79
  195.12  2015.28
 1427.75  1378.53
 2427.77   693.54
 2173.79   329.32
 2087.47    84.00
 1828.17  1725.35
 2449.21  1796.80
 3057.74   162.30
 1074.32   941.21
  212.03  1747.62
 2122.70  1357.09
 3775.95   179.05
  189.57  2017.58
 3377.12  1028.27
 3268.24  1581.47
 2489.06  2038.91
 1956.88  1148.29
  640.70   694.30
 1476.57  1101.25
 3717.64  2019.61
 2742.34   465.04
 1655.41  1085.79
 2215.03   158.56
 2262.32  1467.28
 1179.86  1761.30
 2160.96   235.36
 1510.30  1326.34
 1402.88   830.59
 2620.78  1045.15
 4016.13  1581.12
 3385.44   197.35
  400.32  1427.73
 2301.58  1935.18
  978.80   372.01
  714.71   230.37
 2495.28   633.82
 3803.40   682.73
 1992.48  1845.57
  730.65   681.48
 1209.02  1546.79
 2147.61  1015.31
  725.11  1014.20
 1935.45   310.69
 2121.86  1022.50
 3117.65  1057.62
 3780.09   310.01
 4003.19    85.16
 3466.90  1686.54
 2086.09  1319.14
 2167.44   305.91
  273.22  1766.01
 2176.06   903.24
 3234.93  1909.07
 1240.21   269.16
 3154.34  1619.20
  918.74   394.80
 1386.65  2039.03
 3429.97   313.77
 2336.60  1324.81
 3714.07  1252.95
   51.40  1609.12
 1204.48  1272.61
 3715.23  1408.15
 3951.95  1321.67
  973.45   709.93
 2259.45   882.40
  958.83    37.16
 4009.11  1575.28
 2857.24  1709.38
 3435.36  1150.09
 3306.02   143.57
  782.45  1747.42
 2194.31   943.53
 2494.93   673.00
 3011.36   704.16
 3874.32  1962.05
 1510.25   698.57
  421.67  1476.23
 3197.30  1122.46
 3465.76  1009.38
 1343.58  1519.61
 3892.89  1043.06
  852.95   652.94
 1818.02   287.15
 3843.09   381.43
 2138.26  1874.59
 1828.37  1193.64
 3347.58   826.71
 3973.22  1884.86
 2789.74   513.25
  830.99  1487.91
 2720.26  1076.87
 2733.79   415.40
 1746.50   948.06
  760.14  1878.71
  387.95  1454.02
 3752.48  1964.80
  830.47  1314.19
  240.81   530.39
  218.30  1420.56
 4018.87   199.83
 3887.84   293.70
 2715.13   413.91
 3548.21   359.10
 1072.58  1517.24
  177.33  1117.32
 2398.45    22.58
 3166.28  1894.18
 1493.29  1679.33
 2323.32   313.80
 2253.63  1021.95
 2086.01  1689.62
 1605.65   113.80
 3871.34  1288.20
 1611.10  1888.77
 2306.29  1067.66
 2252.79  1448.07
 1418.61  1475.52
 1736.83   558.64
 3298.28   772.43
  605.36   929.73
   76.79   366.67
 2217.68   295.04
  521.31   684.37
 2739.51   635.51
 2349.45  1078.42
 2502.95    23.10
 2461.33   120.11
  296.10  1737.54
 3249.86  1219.03
 1248.16    81.55
  311.10  2038.75
  466.76   665.79
  595.91   565.33
 3928.30  1578.67
 3088.98    74.86
 1754.19   674.41
  183.80  1788.12
 3433.38  1553.28
 1899.77  1014.64
 3881.06  1580.57
 1444.45  1196.17
 2213.81  1663.85
 3614.51  1144.34
 2017.61   256.85
 2060.32  1931.12
 2819.48  1467.83
  678.81  1134.29
  895.75    18.90
  928.50  1729.50
 2102.60   720.44
 2541.10   599.23
 2298.72  1497.77
  619.51  1427.03
  122.42  1291.42
 4072.32   288.91
 3502.44  1206.59
  848.66  1561.33
  171.80  1125.48
  801.14   281.90
 1205.02   724.17
 3119.62   394.13
  569.51   975.94
 2760.64  2044.20
 3790.91   909.95
 3666.53  1432.64
 1978.05   573.00
 3271.99  1960.64
 2311.60  1075.18
 1069.20  1775.32
 1284.77  1666.33
 2898.99  1096.43
 1604.07   790.08
 3342.22  1487.34
 3943.28  1519.84
 3473.75   324.21
 2436.41  1744.55
 2777.32  1116.92
  968.31  1846.64
 3707.61   307.32
 3934.78   345.99
 2014.50   669.87
  322.33   914.78
 1912.24   694.57
  552.11  1785.46
 3082.06    50.87
 1260.25   863.80
 1323.30   548.96
  974.34  1608.96
 3997.39   627.92
 2056.19  1215.54
  960.17   119.43
 2817.54  1037.23
 1304.17  1511.18
 3687.77   974.77
 4061.56  1403.33
 1382.08  1032.11
  820.31   799.86
 3812.59   166.41
  974.21  1454.57
 1302.26  1175.04
  913.64  1328.94
 1670.65  1636.91
  480.66  1227.06
 1200.17  1253.56
 2833.35   446.06
 3063.23   380.79
 3461.54  1516.85
 1731.45   909.41
 2837.67   198.36
 1912.29  1965.32
 1318.06   895.22
  651.51   968.34
 1798.68   704.80
 2428.16  1580.62
 1316.03   444.35
  759.12   927.82
  865.45   640.49
 2266.95  1265.12
    1.28  1375.78
 3405.83  1217.74
 1600.65  1699.95
  212.90   459.32
 3250.40    65.33
 1733.33   838.85
 1264.13  1004.46
 2818.74  1562.43
  753.27   925.03
 2891.35   995.84
 4023.95   516.87
 2798.21   635.01
 1674.41  1529.42
 2180.00  1500.70
   13.71   732.71
  482.37  1963.93
 3099.78  1366.44
 2989.33  1117.50
 2807.69   589.82
 1640.02  1984.36
 1489.53   190.05
 2791.18  1555.39
 1102.65   184.81
  558.64   774.63
 1670.09  1396.89
 3730.25   163.20
 1812.77  1850.66
 2865.67   330.86
  840.55  1761.34
  941.34  1205.65
  860.56   640.56
 1648.53  1062.16
 1296.14  1349.23
 3641.50   155.02
 2408.62   948.73
  636.88   120.65
  523.15  1019.49
 3352.68   233.08
  419.56  1293.58
 2571.84  1269.79
 1263.23  1922.59
 2527.78   354.53
 2357.86   769.92
 2784.28   176.89
 1686.12   974.68
 1612.29  1449.29
  532.81  1928.34
 3973.18   360.54
  742.25  1210.18
 3253.23  1598.13
 1135.57   361.24
 2633.65  1237.20
  167.12  1221.10
 2767.91   273.16
 3194.94  1856.19
 1313.91  1334.08
 2405.99  1189.46
 3493.99  1758.64
 1799.90  1840.66
  452.03  1836.25
 1037.40  1640.44
 2034.61    27.81
 4056.36   105.62
 2870.27  1210.19
 2227.96   524.64
 3771.14   144.76
  826.79  1361.97
 3175.94  1969.65
 3355.14  1141.65
 2584.88  2005.77
  106.69    26.65
 1749.62  1675.47
 1915.70   566.06
 3413.86   537.79
 3253.13  1113.54
 1799.36   986.15
 3718.29   706.44
 3886.50  1937.98
 3155.32  1342.55
 2263.65  1127.57
 2547.84  1077.89
  448.42  1390.97
  268.66  1240.12
 3842.04  1590.35
  381.28  1628.08
 1797.95  1004.59
 2100.44   288.95
 1931.94   174.38
  191.10   949.47
 3565.19  2032.35
 1296.43  1062.89
 1972.65  1729.45
  909.37  1211.98
 2978.02  1783.31
  597.41  2015.16
  274.74   744.57
 3202.54  1921.32
 3231.46   175.50
 3118.75   789.85
 1620.26  1491.09
  311.43  1345.89
 1818.22   397.09
 3754.86  1566.04
 1942.17  1220.56
 2093.02   806.38
  220.07   850.97
  886.25   757.61
 2475.70   581.29
  924.56  1103.13
  519.96  1777.69
 2742.99  1562.93
 1927.73   789.52
 3959.03   771.54
 1965.28  1377.62
 1412.01  1192.87
 1652.92   818.49
 3265.42  1729.01
 1312.63  1184.27
 1497.18  1364.79
 2785.39  1269.85
  802.87  1741.87
 2651.78  1236.14
 1568.47  1529.18
 2641.97   732.08
 1279.76  1112.64
 3193.97  1252.28
 1571.30  1861.69
 1149.28  1476.19
 1183.71    77.23
  780.69  1861.11
  634.44   801.26
  567.54  1596.43
 3419.67  2024.86
 3997.53  2038.34
 1388.36   293.23
 3332.94  1573.94
  924.57  1403.73
 1674.76   303.02
 3190.37  1007.02
 1017.59   769.28
 1348.40   651.06
 2101.97   888.63
 2638.21   333.24
 1192.73   243.58
 1047.95  1314.66
 2097.20   270.49
   40.58  1732.44
 2446.98  1482.86
 2998.00   179.67
 1466.31   340.25
 1942.87  1721.34
  260.23  1838.13
 1832.21  1362.65
 2456.29  1959.69
 1421.31   129.95
 2415.44  1522.66
 1855.38  1392.86
 2634.28   576.81
 2371.25   853.43
 3000.81  1234.74
 1397.34   188.25
 1238.61  1911.86
 3349.26   120.09
  318.26   497.49
 3950.79  1118.20
 1772.33  1793.19
 3519.92  1574.08
  944.75  1975.59
 2799.61   663.00
  252.55   372.79
 1699.22   202.26
  850.47   887.22
 1934.89  1293.45
 1739.75   846.40
 1553.04  1849.33
 2822.83   746.29
 2634.69   117.08
 1447.50  1288.86
 2398.56  1886.28
 2692.27   587.48
 3559.46   680.15
 3754.59   405.94
 2753.95  1270.15
 1905.13   884.62
  698.66   974.97
 3548.41   801.95
 1491.67  1735.15
 3272.27   188.78
 1307.57   525.75
 3875.22  1264.45
 2782.87   653.79
  612.75  1690.88
  892.30  1477.74
 3056.86  1421.15
 3900.39   116.53
 3414.56   925.52
 1858.27  1818.34
 1602.66   225.77
 1548.20  1114.30
 1997.09  1301.90
 1457.35  1181.79
 3862.89   121.40
 1197.25  1327.19
 3218.20  1487.63
 1964.37   297.00
  827.67  1262.01
 3438.62  1916.01
 2280.38  1041.25
 4083.07   242.49
 3626.85   436.34
  447.80  1219.25
 2776.58  1673.48
  221.40  1805.45
 3315.11   229.23
 3136.92  1449.21
 3596.82  1186.96
 3551.24  1804.10
 3265.33   868.39
 2118.23  1614.35
 2062.01   234.95
 2666.68  1027.04
 3691.68   702.37
 2518.48   549.35
 3318.01   386.40
  748.56   244.39
 2607.64   179.87
 1995.72  1948.61
 3837.39   444.47
 3486.58   292.51
   44.52  1962.13
  820.05   866.19
 2417.16  1150.59
 1803.77   817.95
 1650.08  1639.36
  315.44  1036.59
  235.25  1844.68
 2018.30  1662.80
 2084.29  1861.61
 2711.32  1423.16
 3783.10   331.55
 1256.07   320.51
  431.88  1194.18
 1481.07   825.49
 3889.25  1472.67
 3153.93  1211.16
 3420.42  1157.57
 3570.90   157.39
 3935.60  1390.61
 2008.14  1981.37
  701.35  1879.49
 3459.87  1491.28
 1205.51  1670.66
  436.84  2048.41
 1823.29   800.92
 1104.82   943.38
 3506.14   645.08
 3822.20  1260.98
 1654.87  1544.78
  359.97  1095.04
 3174.46  1347.77
 3630.46  1590.19
 2793.00   174.58
 2909.09   882.74
 2493.07    60.39
 3077.28  1215.01
 2875.25   637.96
 2451.40  1473.52
  130.48  1624.56
  843.69   183.36
 2002.05   611.70
 3272.71  1676.84
  954.88  1719.08
 1457.47  1775.68
 3974.62  2000.80
 2579.22  1185.81
 2569.86  1469.26
   87.66   372.70
 2349.42  1146.56
 3792.26   517.51
 1039.36  1473.65
 1364.63  2008.98
  329.79  1361.73
 3606.95   338.79
 1526.17   956.85
 3156.09   552.69
  242.60   153.93
 1643.15  1094.02
 1139.88  1514.24
 3915.60  1026.72
  661.56   849.70
  704.47   232.04
  769.78   816.16
  259.05  1212.61
 1812.39  1291.44
 2848.91  1103.87
 3393.83  2031.28
 2191.64  1657.27
 1501.10  1713.17
 3809.52    95.98
 2467.63   486.49
 3480.73   895.30
 2065.52   464.78
 3534.81  1213.70
 3287.33  1073.70
  586.87   201.80
 1063.18  1351.11
 1374.28  1431.93
 3874.43  2025.15
 1187.32  1743.33
 1030.62  1480.64
  718.15  1797.35
 1428.01   315.20
 3849.14  1601.35
 3120.99  2038.12
 1418.75  1816.42
  690.51   796.22
  595.13   288.53
 3092.67  1557.54
  340.48   727.43
  115.92  1337.76
 3690.28   724.54
 3468.87  1668.40
 2365.08  1916.68
  912.84  1513.52
 3518.16   803.08
 1491.04  1102.15
 3843.13  1419.59
 3306.03   519.23
  467.68   187.91
 2539.55  2039.00
  680.56   784.22
 2037.53  1986.57
  433.24  1285.93
 1976.11  1956.70
 1270.53   299.21
  116.61  1273.02
 1365.57   647.86
 2478.26  1049.16
 3512.21  1443.68
 1291.86    31.58
 3456.37   571.26
 2183.04  1449.02
  652.34   662.77
 2027.59   818.22
 1861.41  1026.62
  981.94   292.66
 3158.32  1269.20
 3629.76   734.90
 1858.90  1969.71
 1761.51  1629.88
 2580.32  1324.66
 2311.67   241.45
  958.23  1546.32
 4065.30  1885.43
 2994.75  1710.75
 3301.44  1661.98
 3976.08  1432.15
 1256.32   514.42
  821.73  1336.81
 1519.30   280.61
 1307.41   916.97
 1675.19  1201.98
 2581.44  1320.85
 3159.30  1791.13
 3328.90  1896.04
 2036.47  1364.31
 3934.38  1302.44
  209.77   104.02
 1198.02  1144.75
 2148.82  1149.32
  591.74  1012.32
 2541.26  1547.60
 3890.07  1916.52
  473.06   488.98
 1124.46  1249.88
 3826.37  1940.23
  839.47  1013.13
 1174.73    79.17
 2198.93   245.61
 2324.60   639.23
  571.10   681.19
 2091.85   886.54
  619.55  1934.16
 2850.35  1995.78
 3388.46   302.64
 2064.00  1973.49
 1738.34   253.62
  841.62  1351.75
 2682.39   306.07
 2417.88   567.32
 2755.94   142.11
 3154.81  1129.10
 2628.60  1367.31
  838.05    87.95
 1302.13  1238.19
 2727.88   509.07
 1875.83   611.62
 2912.28   322.37
 1454.94  1313.83
 1068.16   133.67
 3187.30  1126.62
 2933.11  1218.07
 2760.72   655.54
 3904.99  1123.96
 1255.42  1936.91
  902.53   619.16
 2427.52   804.22
 3821.09  1010.17
 2422.18  2019.11
  520.90  1065.65
 2161.27   132.43
 1626.20   559.98
 3273.98   481.92
  558.54  1291.18
 2133.87  1503.64
 1284.17  1091.45
  917.42   756.54
  525.13   740.99
 2851.67   316.46
 3578.36   565.39
 3878.56   822.67
 1713.59  1714.52
 1424.68   391.63
  419.17  1826.86
 4057.49   174.02
 1000.10   738.96
 2260.98   281.28
 1320.20  1571.46
  610.40  1576.34
